  id    ra_pix    dec_pix    major    minor    pa  ra_hms     dec_dms        maj_as    min_as    vmin_kms    vmax_kms    collide    v1    v2    v_ang  good    date
   1      2133        487       36       25   130  0:38:06.9  +39:50:57.7       140       140        -530        -460          0  -520  -465      158  vv      250430-1705
   2      2024        494       24       20   145  0:39:27.2  +39:50:19.2       150       120        -470        -430          0  -467  -437       68  vv      250430-1705
   3      2068        497       19       16    90  0:37:47.0  +39:52:01.8       105        80        -515        -480          0  -510  -488      158  pp      250430-1705
   4      2283        546       21       18    90  0:37:09.3  +39:54:51.7       120       100        -530        -490          0  -523  -500      128  nn      250430-1705
   5      2215        562       23       22     0  0:37:33.8  +39:57:07.0       100       100        -530        -505          0  -530  -512      128  pp      250430-1706
   6      2343        567       24       19     0  0:36:36.1  +39:57:41.6        95        95        -550        -500          0  -550  -500      158  pp      250407-1503
   7      2018        568       25       25     0  0:38:56.0  +39:58:02.7       120       120        -490        -440          0  -478  -455       68  pv      250407-1507
   8      2125        579       26       22     0  0:38:12.8  +39:59:08.3       110       110        -530        -480          0  -515  -500       68  pv      250407-1510
   9      2210        590       36       33     0  0:37:35.8  +40:00:00.4       150       115        -550        -500          0  -542  -514       98  pv      250407-1529
  10      2054        600       43       37     0  0:38:44.6  +40:01:17.7       180       130        -530        -470          0  -512  -486      158  pp      250430-1707
  11      1955        610       23       20   130  0:39:25.7  +40:01:32.9       110        70        -480        -425          0  -465  -440      158  pv      250407-1554
  12      2149        620       20       17     0  0:38:02.1  +40:02:01.7        70        70        -490        -431          0  -490  -431      158  pp      250407-1616
  13      2260        626       35       34    90  0:37:14.8  +40:01:43.6       165       140        -545        -500          0  -538  -504       98  pv      250407-1621
  14      1807        666       32       31     0  0:40:30.9  +40:06:28.8       120       120        -460        -400          0  -460  -400       38  nn      250407-1623
  15      1973        694       46       45    90  0:39:18.5  +40:08:42.1       180       180        -535        -500          0  -533  -508       98  vv      250407-1627
  16      1888        724       29       26   130  0:39:55.4  +40:10:15.9       145       100        -540        -420          0  -520  -440       68  pp      250408-1553
  17      2265        724       34       26    80  0:37:10.9  +40:10:53.2       170       130        -530        -480          0  -530  -480       38  nn      250408-1554
  18      2036        728       31       20   120  0:38:47.8  +40:11:08.8       145       100        -560        -480          0  -540  -480      128  vv      250430-1708
  19      2138        729       21       20    90  0:38:08.0  +40:11:07.5        70        60        -550        -490          0  -530  -500       68  pp      250430-1708
  20      2075        751       29       23     0  0:38:26.4  +40:15:11.5       120       120        -540        -420          0  -540  -440       38  vv      250430-1709
  21      2209        752       17       15     0  0:37:35.2  +40:13:17.5        85        75        -550        -450          0  -550  -450       38  nn      250408-1611
  22      2151        759       31       31   140  0:38:00.5  +40:12:46.7       160       100        -510        -420          0  -495  -435       98  pv      250408-1617
  23      2312        765       35       33     0  0:36:50.1  +40:14:14.4       175       165        -473        -445          0  -473  -445       38  nn      250408-1620
  24      1720        774       27       18   110  0:41:10.0  +40:15:31.3        95        75        -425        -385          0  -420  -400      128  pv      250408-1625
  25      2016        782       35       32    90  0:39:18.3  +40:15:00.0       200       170        -535        -500          0  -535  -500       38  pp      250408-1633
  26      1982        783       46       46     0  0:39:14.2  +40:16:06.7       360       360        -550        -450          0  -545  -465       68  pv      250408-1638
  27      2250        791       18       15    80  0:37:17.0  +40:16:29.4        90        75        -550        -470          0  -550  -470       38  nn      250408-1639
  28      1843        800       41       24   130  0:40:14.8  +40:17:37.7       195       120        -510        -440          0  -500  -455      128  pv      250408-1643
  29      2184        808       21       18     0  0:37:45.8  +40:17:39.4        90        90        -540        -510          0  -540  -510       38  nn      250408-1646
  30      1867        818       21       19     0  0:39:55    +40:20:06.8       200       150        -505        -460          0  -505  -460       38  vv      250408-1707
  31      1707        829       27       22     0  0:41:14.2  +40:20:06.6       135       110        -480        -420          0  -480  -420       38  nn      250408-1709
  32      1949        829       12       11    80  0:39:28.4  +40:19:28.3       140       120        -575        -520          0  -570  -535       68  pv      250408-1713
  33      2101        830       28       26     0  0:38:21.9  +40:19:55.0       140       110        -560        -520          0  -560  -520       38  nn      250408-1715
  34      1800        831       25       17   120  0:40:30.5  +40:20:14.2       125        85        -480        -400          0  -480  -400       38  nn      250408-1717
  35      2027        837       19       18     0  0:38:55.2  +40:20:14.3        75        75        -515        -460          0  -510  -465       68  pv      250408-1721
  36      1759        842       21       20     0  0:40:51.4  +40:21:00.4        80        80        -540        -500          0  -532  -505      158  vv      250409-1102
  37      1883        843       11        9   140  0:39:42.2  +40:21:51.2       100        80        -555        -510          0  -555  -530       68  pp      250409-1108
  38      2201        844       22       19     0  0:37:38.1  +40:20:58.2       110        95        -480        -455          0  -480  -455       38  nn      250409-1110
  39      1999        852       15       14    80  0:39:06.4  +40:21:42.9       100        85        -540        -500          0  -538  -502       68  pv      250409-1132
  40      1899        853       10       10   150  0:39:45.2  +40:21:45.6       120        90        -560        -520          0  -555  -530       98  pp      250430-1712
  41      1934        866       13       11    90  0:39:34.8  +40:23:04.0       130       100        -560        -510          0  -542  -518      158  pv      250409-1139
  42      1677        869       14       13     0  0:41:27.3  +40:23:23.3        60        60        -500        -420          0  -482  -425      158  nn      250430-1751
  43      2170        871       14       11    80  0:38:02    +40:23:10          90        80        -528        -500          0  -523  -507      128  pv      250430-1753
  44      2135        876       22       18   140  0:38:08.8  +40:23:42.8       105        80        -528        -500          0  -520  -505      158  pv      250409-1155
  45      1780        876       14       12   100  0:40:51.2  +40:23:19.8       100       100        -545        -500          0  -545  -500       38  nn      250410-1136
  46      2066        879       49       43     0  0:38:40.0  +40:23:02.1       500       500        -550        -420          0  -550  -420       68  vv      250430-1754
  47      2171        884       36       35    90  0:37:56.0  +40:23:00.3       100       100        -530        -500          0  -523  -505      128  pv      250410-1156
  48      2204        891       28       24   140  0:37:35.5  +40:25:00         160       140        -455        -420          0  -450  -425       38  vv      250430-1756
  49      1896        892       14       11   130  0:39:51.3  +40:25:15.7        95        65        -548        -510          0  -537  -514      158  pv      250410-1320
  50      1853        900       24       19    80  0:40:10.1  +40:25:57.4       120       105        -500        -450          0  -495  -455       68  pp      250410-1327
  51      1742        903       16       15    90  0:40:58.8  +40:26:15.8        80        75        -510        -480          0  -510  -480       38  nn      250410-1329
  52      1965        910       16       12     0  0:39:21.1  +40:26:42.6       140       120        -538        -460          0  -535  -475      158  vv      250430-1755
  53      2120        916       26       22   130  0:38:15.1  +40:26:43.8       160       120        -520        -482          0  -515  -492      158  pv      250410-1352
  54      1613        919       22       21    90  0:41:55.2  +40:28:03          60        60        -460        -390          0  -455  -395       38  pp      250430-1756
  55      1890        932       11       10   150  0:39:53.8  +40:28:36.0       120        90        -560        -530          0  -555  -533      158  pv      250410-1552
  56      1807        938       34       31     0  0:40:38.2  +40:30:09.0       180       180        -555        -505          0  -550  -515      158  pv      250410-1559
  57      1848        944       11       11    90  0:40:30    +40:30:17.6       120        80        -527        -500          0  -527  -500       38  nn      250410-1610
  58      1744        949       18       16    90  0:40:57.8  +40:30:05.8       150       150        -515        -490          1  -515  -490       38  nn      250430-1757
  59      1800        961       42       39     0  0:40:33.2  +40:31:04.2       240       210        -575        -500          0  -565  -515      158  pv      250414-1459
  60      2118        962       21       19     0  0:38:13.8  +40:30:53.9       120       105        -500        -450          0  -500  -450       38  nn      250414-1501
  61      1738        964       23       21     0  0:40:50.4  +40:31:21.0       130       130        -488        -455          0  -488  -455       38  nn      250414-1504
  62      1998        974       15       14   110  0:39:06.3  +40:33:05.9       120        70        -550        -500          0  -550  -500       38  pp      250414-1508
  63      1699        975       21       19     0  0:41:32.5  +40:32:20.9       135       120        -490        -425          0  -462  -442      158  pv      250414-1514
  64      2163        979       43       39     0  0:37:53.9  +40:32:15.9       215       195        -455        -420          0  -450  -425      128  pv      250414-1516
  65      1856        981       19       17    90  0:40:08.6  +40:32:42.3       120       105        -565        -540          0  -558  -545      128  pv      250414-1520
  66      2100        982       19       16    45  0:38:21.5  +40:32:35.1       100        80        -460        -443          0  -456  -444      128  pv      250430-1759
  67      1923        984       39       27   120  0:39:40.5  +40:33:16.6       195       145        -545        -500          0  -545  -515      158  pv      250414-1528
  68      1793        985       26       23     0  0:40:50.2  +40:32:00.4       205       205        -525        -465          0  -520  -470       98  pv      250414-1537
  69      1566        986       30       23   160  0:42:15.8  +40:33:13.7       180       130        -380        -340          0  -375  -350      188  pp      250430-1800
  70      2062        990       27       27     0  0:38:38.2  +40:33:17.4       150       150        -500        -450          0  -494  -457       38  vv      250430-1800
  71      1974        997       25       17   120  0:39:16.7  +40:33:57.2       125        85        -550        -500          0  -541  -517      188  nn      250430-1800
  72      1745       1001       20       15     0  0:40:53.0  +40:34:45.8       180       180        -600        -400          0  -530  -465      128  nn      250430-1801
  73      1799       1002       17       12    90  0:40:31.5  +40:34:29.3       120       100        -580        -545          0  -577  -548       38  pv      250414-1553
  74      1650       1008       25       24    90  0:41:34.9  +40:35:22.8       135       120        -500        -440          0  -500  -445      158  pv      250414-1559
  75      2078       1012       21       18     0  0:38:31.0  +40:35:06.4       105        90        -488        -450          0  -488  -450       38  nn      250414-1605
  76      2007       1020       17       14    95  0:39:04.2  +40:35:50.5        85        70        -550        -490          0  -530  -505       68  nn      250430-1801
  77      1695       1029       19       15   150  0:41:19.1  +40:36:47.0       110        90        -530        -410          0  -510  -435       98  nn      250430-1802
  78      1526       1031       31       26    90  0:42:33.3  +40:36:58.9       155       130        -385        -350          0  -380  -353      158  vv      250430-1802
  79      1759       1039       25       22     0  0:40:53.0  +40:33:05.4       170       170        -550        -450          0  -538  -470       98  vv      250430-1805
  80      2112       1057       29       23     0  0:38:15.9  +40:38:49.3       145       145        -450        -400          0  -440  -400      188  pv      250414-1621
  81      1996       1065       41       33   100  0:39:10.8  +40:38:40.0       205       165        -483        -415          0  -480  -425       68  pv      250417-1617
  82      1609       1072       19       19     0  0:41:55.8  +40:40:13.3        67        67        -435        -390          0  -425  -400      158  pv      250430-1806
  83      1691       1073       31       29    90  0:41:20.8  +40:40:27.1       180       180        -500        -410          0  -485  -434      128  pv      250417-1641
  84      1907       1080       18       18     0  0:39:45.8  +40:40:55.3       120       120        -514        -485          0  -510  -495      158  vv      250417-1646
  85      2043       1097       25       20    90  0:38:46.0  +40:42:13.5       125       100        -418        -390          0  -418  -390       38  nn      250417-1651
  86      1950       1105       18       14   110  0:39:25.0  +40:42:58.3       150       100        -505        -450          0  -495  -460      128  pv      250417-1655
  87      1560       1108       47       30    90  0:42:18.4  +40:43:23.8       300       210        -435        -365          0  -420  -384       38  pv      250418-1238
  88      1445       1111       30       27     0  0:43:10.9  +40:43:38.8       180       150        -348        -310          0  -338  -322      188  vv      250430-1806
  89      1741       1112       15       14     0  0:40:58.7  +40:43:40.9        75        70        -570        -480          0  -544  -510      128  pv      250418-1244
  90      1810       1124       42       24   100  0:40:30.3  +40:44:59.9       190       150        -598        -550          0  -595  -558      188  pv      250502-1756
  91      1718       1132       22       16   135  0:41:08.8  +40:45:21.5       150       120        -560        -430          0  -560  -430       38  pp      250418-1251
  92      1588       1134       26       23     0  0:42:06.0  +40:45:33.6       180       150        -445        -390          0  -445  -410       68  pv      250418-1257
  93      2059       1137       14       13     0  0:38:38.7  +40:45:32.5        70        65        -428        -395          0  -423  -410       98  vv      250502-1756
  94      1621       1139       18       15     0  0:41:51.5  +40:45:58.2        90        75        -460        -390          0  -440  -415       98  pv      250418-1301
  95      1762       1141       19       15    90  0:40:49.4  +40:46:05.4        95        75        -600        -500          0  -600  -500       38  nn      250418-1303
  96      1857       1145       17       13    90  0:40:07.6  +40:46:22.3        85        65        -600        -400          0  -600  -400       38  nn      250418-1303
  97      1980       1149       21       19    90  0:39:13.4  +40:46:36.9       105        95        -470        -425          0  -470  -425       38  nn      250418-1306
  98      1532       1162       22       18    90  0:42:30.6  +40:47:53.9       150       130        -410        -360          0  -400  -375       38  pv      250418-1309
  99      1582       1164       21       20   125  0:42:08.6  +40:48:03.6       105       100        -460        -390          0  -450  -410      188  pv      250418-1311
 100      1907       1166       19       16     0  0:39:45.5  +40:48:05.3        95        80        -490        -420          0  -490  -420       38  nn      250418-1313
 101      1927       1171       21       14   120  0:39:35.7  +40:48:29.4       105        90        -480        -433          0  -475  -450      128  nn      250502-1757
 102      1485       1172       18       11   110  0:42:45.3  +40:48:04.0       130        90        -410        -385          0  -408  -387      188  pv      250418-1334
 103      2031       1175       25       21    90  0:38:50.9  +40:48:44.1       125       105        -410        -395          0  -410  -395       38  nn      250418-1336
 104      1385       1179       34       30     0  0:43:35.4  +40:49:18.3       170       150        -380        -325          0  -380  -325       38  nn      250502-1758
 105      1990       1183       12       10   100  0:39:08.9  +40:49:26.4        60        50        -420        -380          0  -420  -380       38  nn      250418-1339
 106      1878       1186       18       15    90  0:39:58.2  +40:49:46.5       150       120        -470        -450          0  -470  -450       38  nn      250418-1341
 107      1640       1194       17       15   110  0:41:41.1  +40:51:03.0       150       120        -495        -460          0  -488  -466       68  vv      250502-1758
 108      1329       1195       21       21     0  0:44:00.1  +40:50:37.4       105       105        -318        -290          0  -310  -290       68  pv      250418-1350
 109      1450       1203       15       14    90  0:43:06.8  +40:51:18.8        75        70        -400        -370          0  -395  -375       38  pp      250502-1759
 110      1892       1206       39       38    90  0:39:42.5  +40:52:05.9       120       120        -460        -415          0  -456  -424       98  pv      250418-1420
 111      1557       1207       14       11     0  0:42:22.0  +40:51:52.8       120       120        -405        -350          0  -400  -363       38  pv      250418-1424
 112      1817       1209       30       29     0  0:40:25.0  +40:51:43.7       170       170        -518        -465          0  -510  -480      158  pv      250418-1427
 113      1607       1212       26       21    90  0:41:53.6  +40:51:13.4       180       140        -480        -380          0  -465  -410      158  pv      250502-1759
 114      1709       1212       22       16    90  0:41:15.6  +40:52:21.7       120       100        -555        -490          0  -542  -508      158  vv      250502-1800
 115      1783       1214       18       18     0  0:40:39.0  +40:51:39.8        90        90        -573        -531          0  -571  -542       68  pv      250418-1439
 116      2016       1218       19       19     0  0:38:57.3  +40:52:20.0        95        95        -410        -375          0  -410  -375       38  nn      250418-1439
 117      1974       1223       24       16    90  0:39:16.8  +40:52:47.2       150       120        -403        -360          0  -395  -370       38  pv      250502-1801
 118      1940       1231       21       19    90  0:39:30.7  +40:53:28.8       115        98        -460        -420          0  -455  -425      158  pv      250502-1801
 119      1518       1232       14       12    45  0:42:36.8  +40:53:44.0        90        90        -410        -355          0  -405  -365      188  pv      250420-1554
 120      1632       1245       19       18    90  0:41:50.0  +40:55:05.1       120       120        -505        -450          0  -497  -454      158  pv      250420-1559
 121      1812       1250       15       13     0  0:40:27.1  +40:55:08.9        90        90        -510        -470          0  -502  -475      158  pv      250420-1602
 122      1503       1261       29       19   120  0:42:42.7  +40:55:50.0       140        97        -379        -340          0  -376  -353      158  pv      250502-1802
 123      1422       1262       19       10   130  0:43:19.2  +40:56:13.7       120       100        -370        -324          0  -360  -334       68  vv      250502-1803
 124      1769       1274       20       16    80  0:40:46.0  +40:57:10.2       100        80        -520        -490          0  -520  -490       38  nn      250420-1610
 125      1905       1282       15       13    90  0:39:46.0  +40:57:45.4        75        65        -562        -245          0  -562  -245       38  nn      250420-1610
 126      1708       1283       19       18     0  0:41:12.9  +40:57:59.7       180       180        -530        -420          0  -520  -440      128  nn      250502-1803
 127      1328       1287       16       15     0  0:44:00.7  +40:58:17.4       130       130        -360        -290          0  -348  -310      188  nn      250502-1803
 128      1820       1288       22       21     0  0:40:25.5  +40:58:18.6       110       105        -435        -380          0  -425  -395      128  pv      250420-1619
 129      1855       1290       23       21    90  0:40:08.0  +40:58:27.4       115       105        -430        -350          0  -430  -350       38  nn      250420-1620
 130      1621       1292       18       17     0  0:41:51.3  +40:58:43.2        90        85        -573        -442          0  -573  -442       38  nn      250420-1621
 131      1577       1293       23       21    90  0:42:10.7  +40:58:48.7       105       105        -500        -430          0  -500  -430       38  nn      250420-1622
 132      1970       1296       22       21     0  0:39:17.2  +40:58:52.3       110       105        -395        -350          0  -385  -355      158  nn      250502-1804
 133      1391       1313       24       19    90  0:43:32.9  +41:00:28.4       120       120        -360        -300          0  -343  -310       68  pp      250502-1805
 134      1759       1330       13       12     0  0:40:50.3  +41:01:50.5       120       120        -500        -400          0  -500  -400       38  nn      250420-1628
 135      1302       1332       15       14     0  0:44:12.2  +41:02:01.9       180       180        -350        -300          0  -350  -300       38  nn      250420-1630
 136      1402       1333       15       15     0  0:43:35.0  +41:02:08.5       120       120        -370        -300          0  -370  -300       38  nn      250420-1632
 137      1464       1333       17       16    90  0:43:02.7  +41:02:28.9       130       130        -400        -320          0  -375  -335       68  pv      250420-1636
 138      1826       1340       17       14   110  0:40:20.7  +41:02:38.4        93        84        -403        -375          0  -400  -380       38  pv      250502-1806
 139      1469       1359       16       14     0  0:42:58.4  +41:04:18.9        80        70        -400        -300          0  -400  -300       38  nn      250420-1639
 140      1937       1361       34       29     0  0:39:31.5  +41:04:18.9       170       145        -390        -340          0  -390  -340       38  nn      250420-1641
 141      1746       1363       21       19    90  0:41:02.0  +41:04:55.8       120       120        -453        -417          0  -453  -417       38  nn      250420-1644
 142      1433       1363       25       17    90  0:43:10.4  +41:04:38.8        94        87        -365        -320          0  -355  -325       98  pv      250502-1808
 143      1867       1369       18       18     0  0:40:02.4  +41:05:01.9        90        90        -420        -350          0  -420  -350       38  nn      250420-1701
 144      1344       1375       26       21    90  0:43:53.7  +41:05:37.7       130       105        -320        -280          0  -320  -280       38  nn      250420-1702
 145      1814       1381       17       17     0  0:40:27.8  +41:05:59.8        85        85        -400        -370          0  -397  -380      158  nn      250502-1808
 146      1684       1382       25       25     0  0:41:23.3  +41:06:12.2       150       150        -475        -420          0  -465  -427       38  pv      250420-1707
 147      1212       1393       19       16     0  0:44:52.2  +41:07:04.6       105       105        -300        -250          0  -287  -262       98  pv      250420-1709
 148      1717       1399       12       11    90  0:41:08.7  +41:07:36.5        60        55        -425        -390          0  -425  -390       38  nn      250420-1711
 149      1641       1408       22       16   150  0:41:42.3  +41:08:23.0       110        80        -450        -385          0  -450  -385       38  nn      250420-1712
 150      1694       1412       25       18   120  0:41:18.9  +41:08:42.0       180       150        -435        -375          0  -415  -385       38  nn      250502-1809
 151      1410       1416       38       23   120  0:43:24.6  +41:09:03.6       230       140        -360        -320          0  -355  -327       38  pv      250420-1717
 152      1735       1417       18       17    75  0:41:00.7  +41:09:06.1       140       120        -433        -363          0  -425  -373      158  pv      250420-1721
 153      1373       1423       17       17     0  0:43:41.0  +41:09:38.1       120       120        -320        -260          0  -305  -280       98  pv      250420-1723
 154      1805       1435       14       12     0  0:40:29.7  +41:10:34.1        70        60        -410        -320          0  -410  -320       38  nn      250420-1723
 155      1152       1440       50       49    90  0:45:18.9  +41:10:57.5       250       245        -285        -255          0  -275  -260       68  pv      250420-1725
 156      1387       1443       19       13    90  0:43:34.8  +41:11:18.3       120       120        -350        -300          0  -337  -312       98  nn      250502-1810
 157      1776       1447       16       15    90  0:40:42.5  +41:11:35.0       130       110        -380        -345          0  -369  -352      158  pv      250420-1729
 158      1259       1455       19       19     0  0:44:31.5  +41:12:15.9        95        95        -323        -295          0  -320  -300      128  nn      250502-1810
 159      1285       1471       22       15   110  0:44:20.0  +41:13:36.5       180       180        -310        -250          0  -300  -263      158  pv      250420-1733
 160      1226       1475       16       14     0  0:44:47.2  +41:13:55.0        90        90        -320        -230          0  -295  -252      188  pv      250420-1757
 161      1728       1478       19       19     0  0:41:03.7  +41:14:11.3        98        98        -370        -346          0  -367  -352       38  pv      250502-1815
 162      1354       1479       24       24     0  0:43:49.5  +41:14:17.9       150       150        -320        -270          0  -313  -278       98  pv      250420-1804
 163      1778       1487       17       17     0  0:40:41.5  +41:14:54.9       120       120        -370        -340          0  -370  -340       38  nn      250420-1805
 164      1890       1489       21       20    90  0:39:52.8  +41:15:01.0       120       110        -350        -315          0  -340  -327      128  pp      250502-1816
 165      1679       1489       23       20    90  0:41:25.4  +41:15:07.3       150       125        -412        -338          0  -389  -349       68  pv      250420-1812
 166      1080       1521       27       22   100  0:45:51.1  +41:17:39.6       135       110        -250        -220          0  -250  -220       38  nn      250420-1814
 167      1671       1541       13       11     0  0:41:30.3  +41:19:27.5       100        90        -350        -270          0  -350  -270       38  nn      250420-1816
 168      1214       1545       21       17     0  0:44:51.7  +41:19:44.6       105        85        -300        -200          0  -300  -200       38  nn      250420-1816
 169      1304       1546       16       13    80  0:44:11.8  +41:19:51.9       120       120        -280        -240          0  -280  -240       38  nn      250420-1817
 170      1552       1549       15       12     0  0:42:21.7  +41:20:08.9       120       120        -310        -240          0  -310  -240       38  vv      250420-1820
 171      1306       1554       10        7   130  0:44:10.9  +41:20:32.0       100       100        -280        -220          0  -280  -220       38  vv      250420-1821
 172      1045       1558       36       23   120  0:46:06.8  +41:20:42.9       180       140        -260        -235          0  -260  -235       38  nn      250421-1004
 173      1151       1563       18       17     0  0:45:19.7  +41:21:12.5       120       120        -265        -240          0  -260  -245       98  pv      250421-1006
 174      1712       1570       16       15    90  0:41:10.6  +41:21:51.6        80        75        -350        -315          0  -350  -315       38  vv      250421-1008
 175      1659       1571       15       15     0  0:41:34.1  +41:21:57.7        75        75        -330        -305          0  -330  -305       38  vv      250421-1009
 176      1291       1577       24       17    80  0:44:17.6  +41:22:26.7       140       130        -263        -215          0  -251  -227       68  pv      250421-1012
 177      1762       1585       24       15   130  0:40:48.3  +41:23:05.4       170       130        -324        -295          0  -320  -303       38  pv      250421-1015
 178      1810       1586       27       24     0  0:40:27.0  +41:23:08.9       120       120        -340        -303          0  -340  -303       38  pp      250421-1016
 179      1127       1587       18       18     0  0:45:30.5  +41:23:11.5        90        90        -275        -255          0  -275  -255       38  vv      250421-1018
 180      1671       1591       21       16   150  0:41:28.8  +41:23:37.5       130       110        -343        -290          0  -334  -310      158  pv      250421-1020
 181      1476       1606       30       28    90  0:42:55.4  +41:24:54.0       240       180        -300        -240          0  -288  -240      158  pp      250502-1818
 182      1230       1609       21       14   130  0:44:44.8  +41:25:05.1       140       120        -250        -200          0  -250  -207      188  nn      250502-1818
 183      1198       1609       20       19     0  0:44:59.0  +41:25:04.1       100        95        -265        -227          0  -250  -230       38  vv      250421-1032
 184       965       1615       18       15    90  0:46:42.6  +41:25:23.7       105        90        -252        -230          0  -244  -230       98  pv      250421-1034
 185      1337       1618       15       15     0  0:44:00.2  +41:26:22.6       100       100        -190        -110          0  -175  -137      158  pv      250421-1103
 186      1143       1619       29       25   100  0:45:23.5  +41:25:52.2       145       125        -255        -190          0  -255  -190       38  vv      250421-1104
 187      1728       1634       23       22     0  0:41:03.3  +41:27:11.3       150       150        -310        -280          0  -303  -285       68  pv      250421-1437
 188      1060       1636       28       27   100  0:46:00.4  +41:27:13.6       140       135        -270        -225          0  -258  -236       38  pv      250421-1439
 189      1631       1636       16       16     0  0:41:46.5  +41:27:23.1       120       120        -310        -270          0  -310  -270       38  nn      250421-1441
 190      1671       1647       14       10   135  0:41:28.7  +41:28:17.5        70        50        -310        -270          0  -310  -270       38  nn      250421-1442
 191      1504       1652       29       26     0  0:42:43.0  +41:28:44.0       145       130        -280        -240          0  -280  -240       38  nn      250421-1445
 192      1250       1653       29       20   100  0:44:28.0  +41:28:45.6       180       180        -230        -170          0  -218  -180       68  vv      250502-1819
 193      1560       1663       13       12     0  0:42:18.0  +41:29:38.8        65        60        -288        -270          0  -288  -270       38  nn      250421-1451
 194      1178       1668       12       12     0  0:45:08.1  +41:29:58.4       160       160        -220        -180          0  -215  -188       38  pv      250421-1459
 195      1721       1668       18       15     0  0:41:06.4  +41:30:01.4       150       150        -310        -270          0  -310  -270       38  pp      250421-1500
 196      1589       1677       15       15     0  0:42:05.1  +41:30:48.6        75        75        -300        -240          0  -300  -240       38  nn      250421-1501
 197       946       1679       17       17     0  0:46:51.4  +41:30:42.6       150       150        -250        -200          0  -250  -200       38  pp      250421-1502
 198      1642       1681       27       20    90  0:41:41.5  +41:31:07.9       160       130        -305        -270          0  -305  -270       38  nn      250421-1503
 199      1697       1689       15       13    90  0:41:17.0  +41:31:47.0        75        65        -320        -270          0  -320  -270       38  nn      250421-1503
 200      1035       1692       23       20    90  0:46:11.8  +41:31:52.4       115       100        -250        -230          0  -250  -230       38  vv      250421-1504
 201      1163       1694       15        9   100  0:45:14.8  +41:32:07.9        75        45        -200        -120          0  -200  -120       38  nn      250421-1505
 202      1136       1695       19       18    90  0:45:26.8  +41:32:11.9        95        90        -240        -120          0  -240  -120       38  nn      250421-1505
 203      1345       1697       49       36    90  0:43:53.8  +41:32:27.7       360       240        -240        -100          0  -240  -100       38  nn      250421-1506
 204      1202       1699       10        8     0  0:44:57.5  +41:32:34.2        50        40        -433          68          0  -433    68       38  ??      250407-1048
 205      1601       1730       17       15     0  0:42:02.7  +41:35:13.5        97        97        -280        -260          0  -280  -265       68  pv      250502-1820
 206      1536       1736       35       22   110  0:42:26.2  +41:36:43.9       175       145        -280        -230          0  -267  -240       98  pv      250421-1513
 207       858       1737       16       13    90  0:47:30.9  +41:35:26.9       110        90        -225        -195          0  -215  -198      188  pv      250421-1515
 208      1186       1741       13       10    90  0:45:04.7  +41:36:03.7        65        50        -362          54          0  -362    54       38  nn      250421-1606
 209      1477       1744       13       12    90  0:42:55.0  +41:36:24.0        65        60        -397         -54          0  -397   -54       38  nn      250421-1606
 210      1148       1745       15       15     0  0:45:21.7  +41:36:22.3        75        75        -200        -100          0  -200  -100       38  nn      250421-1516
 211      1281       1752       26       25     0  0:44:22.4  +41:37:01.4       200       200        -140         -40          0  -140   -40       38  vv      250421-1520
 212      1602       1754       17       13    85  0:41:59.3  +41:37:13.5       120       120        -295        -260          0  -292  -270      188  nn      250421-1522
 213      1065       1760       53       43     0  0:45:58.7  +41:37:33.8       265       215        -200        -160          0  -200  -160       38  pv      250421-1524
 214       982       1770       10        8    80  0:46:35.8  +41:38:19.6        50        40        -225        -200          0  -225  -200       38  nn      250421-1525
 215      1174       1773       11        8    90  0:45:10.2  +41:38:43.3        55        40        -200        -100          0  -200  -100       38  nn      250421-1526
 216       902       1774       14       14     0  0:47:11.5  +41:38:34.8        70        70        -240        -200          0  -240  -200       38  vv      250421-1526
 217      1461       1774       10        7   160  0:43:01.1  +41:38:43.9        50        35        -250        -180          0  -250  -180       38  nn      250421-1537
 218      1534       1780       14       10   110  0:42:29.6  +41:39:24.0       140       100        -275        -230          0  -260  -240       38  pv      250421-1539
 219      1652       1785       35       31     0  0:41:36.9  +41:39:47.8       175       155        -300        -250          0  -300  -250       38  nn      250421-1540
 220      1418       1788       10        9     0  0:43:21.3  +41:40:03.6        50        45        -240        -120          0  -240  -120       38  nn      250421-1541
 221      1121       1793       13       12    80  0:45:33.9  +41:40:21.3        65        60        -240        -100          0  -240  -100       38  nn      250421-1541
 222      1066       1794       16       15    90  0:45:58.4  +41:40:23.9        80        75        -230        -100          0  -230  -100       38  pp      250421-1542
 223      1400       1798       15       15     0  0:43:29.4  +41:40:53.5        75        75        -230        -180          0  -230  -180       38  nn      250421-1543
 224      1237       1799       13       12    90  0:44:42.1  +41:40:55.3       155       155        -130         -60          0  -120   -67       98  pv      250421-1546
 225      1434       1802       17       17     0  0:43:14.2  +41:41:13.8       130       130        -255        -200          0  -255  -200       38  nn      250421-1550
 226      1151       1803       26       24     0  0:45:20.5  +41:41:12.5       130       120        -200        -100          0  -200  -100       38  nn      250421-1550
 227      1466       1806       15       13    90  0:43:00.0  +41:41:33.9        75        65        -240        -170          0  -240  -170       38  nn      250421-1551
 228      1497       1814       16       13     0  0:42:46.1  +41:42:24.0       124       124        -260        -218          0  -255  -228      158  pv      250421-1553
 229      1614       1816       19       13    40  0:41:53.8  +41:42:23.3       130       110        -280        -240          0  -280  -240       38  pp      250421-1555
 230       860       1820       27       19   150  0:47:30.5  +41:42:22.0       160       105        -250        -160          0  -250  -160       38  pp      250421-1555
 231      1344       1821       20       16     0  0:43:54.4  +41:42:47.7       130       120        -155        -100          0  -152  -105      158  pv      250502-1822
 232      1103       1831       15       12   110  0:45:42.1  +41:43:30.5        95        70        -160        -120          0  -148  -128       98  pv      250421-1601
 233      1006       1835       16       12    90  0:46:25.4  +41:43:45.9       150       105        -220        -170          0  -207  -188       68  pv      250421-1605
 234      1542       1836       20       15    90  0:42:26.0  +41:44:03.9       100        75        -280        -210          0  -280  -210       38  nn      250421-1607
 235      1404       1842       16       15     0  0:43:27.6  +41:44:33.5        80        75        -230        -180          0  -230  -180       38  pp      250421-1608
 236      1054       1846       14       14     0  0:46:04.0  +41:44:43.3       100       100        -220        -100          0  -220  -100       38  nn      250421-1609
 237      1036       1856       10        8    80  0:46:12.1  +41:45:32.4        50        40        -200        -100          0  -200  -100       38  vv      250421-1610
 238      1586       1858       14       10     0  0:42:06.3  +41:45:53.6       100       100        -275        -252          0  -272  -257      188  pv      250421-1612
 239      1121       1864       14       13     0  0:45:34.1  +41:46:16.3        70        65        -120         -40          0  -120   -40       38  pp      250421-1613
 240      1371       1871       10        9    90  0:43:42.4  +41:46:58.1        90        90        -210        -100          0  -210  -100       38  pp      250421-1618
 241      1486       1871       18       18     0  0:42:51.0  +41:46:59.0        90        90        -255        -200          0  -238  -212       68  pp      250502-1822
 242      1328       1873       16       16     0  0:44:01.6  +41:47:07.4        82        82        -180        -130          0  -173  -145      128  pv      250502-1823
 243       812       1881       24       16    90  0:47:52.4  +41:47:23.6       120        80        -220        -160          0  -220  -160       38  pp      250421-1622
 244      1295       1883       11       10    90  0:44:16.4  +41:47:56.8        85        85        -150         -80          0  -137   -92       68  pv      250421-1643
 245      1045       1884       13       13     0  0:46:08.2  +41:47:52.9       100       100        -150        -100          0  -150  -100       38  nn      250421-1644
 246      1537       1886       16       15    90  0:42:28.2  +41:48:14.0       120       120        -260        -230          0  -260  -230       38  vv      250421-1646
 247      1399       1887       17       15     0  0:43:29.9  +41:48:18.5       100        90        -240        -190          0  -231  -195       68  pv      250421-1647
 248      1570       1888       15       13    90  0:42:13.4  +41:48:23.8       105        90        -270        -230          0  -264  -237       38  pv      250421-1649
 249       938       1890       16       13   130  0:46:56.1  +41:48:17.0        80        65        -210        -170          0  -210  -170       38  nn      250421-1649
 250      1441       1893       17       14    70  0:43:11.1  +41:48:48.8       128        95        -250        -180          0  -232  -201      158  nn      250502-1824
 251      1126       1899       20       20     0  0:45:32.0  +41:49:11.5       100       100        -150         -70          0  -150   -70       38  nn      250423-0957
 252      1007       1902       30       21   100  0:46:25.3  +41:49:20.9       150       105        -200         -40          0  -200   -40       38  vv      250423-0958
 253      1067       1903       20       18     0  0:45:58.4  +41:49:28.9       100        90        -120         -70          0  -108   -72      158  pv      250423-1001
 254      1092       1906       17       14    90  0:45:47.3  +41:49:45.1       135       115        -130         -50          0  -120   -80       98  pv      250423-1017
 255      1303       1912       18       17     0  0:44:12.9  +41:48:41.9       114       108        -160        -120          0  -151  -133      128  nn      250502-1825
 256      1033       1917       18       18     0  0:46:13.7  +41:50:37.3        90        90        -200         -40          0  -200   -40       38  nn      250423-1023
 257      1516       1918       23       22     0  0:42:37.6  +41:50:54.0       144       104        -300        -200          0  -300  -200       38  pp      250423-1024
 258      1155       1921       16       13   130  0:45:19.1  +41:51:02.6        80        65        -100         -40          0  -100   -40       38  pp      250423-1025
 259      1229       1928       12       11    90  0:44:46.0  +41:51:40.1       107       102        -124         -76          0  -122   -85      158  pv      250423-1027
 260       922       1929       25       18   110  0:47:03.4  +41:51:31.0       135       102        -190        -170          0  -185  -173      128  pv      250502-1825
 261       878       1933       28       19   120  0:47:13.2  +41:51:48.2       255       185        -200        -140          0  -182  -156       38  pv      250423-1033
 262      1241       1945       20       19     0  0:44:40.7  +41:53:05.4       100        95        -200         -40          0  -200   -40       38  nn      250423-1034
 263      1422       1946       37       29     0  0:43:19.7  +41:53:13.7       255       245        -240        -175          0  -225  -180      158  nn      250502-1826
 264      1275       1949       14       11     0  0:44:25.5  +41:53:26.3       127       106        -165         -90          0  -160  -112      188  nn      250502-1826
 265      1206       1949       22       17    90  0:44:56.4  +41:53:24.4       137       123         -90         -60          0   -90   -60      128  pv      250502-1827
 266       751       1949       12       12     0  0:48:20.1  +41:52:58.8        60        60        -220        -150          0  -220  -150       38  pp      250423-1046
 267       995       1950       19       12   105  0:46:30.9  +41:53:20.3       135        95        -145        -110          0  -142  -120      158  pv      250423-1048
 268      1010       1959       11        9   105  0:46:28.2  +41:54:06.1       123       104        -110         -75          0  -105   -82       98  pv      250423-1053
 269      1334       1964       30       19     0  0:43:59.1  +41:54:42.6       150        95        -220        -100          0  -220  -100       38  nn      250423-1053
 270       997       1978       38       35     0  0:46:30.1  +41:55:40.4       190       175        -140         -50          0  -140   -50       38  vv      250423-1054
 271      1111       1990       12       12    40  0:45:39.1  +41:56:45.9        60        60         -80         -30          0   -80   -30       38  nn      250423-1055
 272       946       2002       14       13    80  0:46:53.1  +41:57:37.5        70        65        -200         -40          0  -200   -40       38  nn      250423-1055
 273      1376       2003       21       19   130  0:43:40.3  +41:57:58.2       144       134        -225        -180          0  -220  -187      188  pv      250423-1058
 274      1083       2011       19       18     0  0:45:51.7  +41:58:29.7        95        90        -120         -20          0  -120   -20       38  nn      250423-1059
 275       978       2012       13       12    80  0:46:38.8  +41:58:29.4        65        60        -196         -11          0  -196   -11       38  nn      250423-1059
 276      1153       2014       33       30     0  0:45:20.3  +41:58:47.6       184       164         -95         -35          0   -95   -35       38  pp      250423-1102
 277       844       2016       14       12     0  0:47:38.9  +41:58:40.9       104        94        -200        -130          0  -200  -130       38  pp      250423-1102
 278      1335       2022       14       12    90  0:43:58.7  +41:59:32.6        70        60        -220        -100          0  -220  -100       38  nn      250423-1103
 279       937       2028       14       13    90  0:46:57.3  +41:59:47.0       124       104        -120         -50          0  -120   -50       38  vv      250423-1105
 280      1209       2036       22       15     0  0:44:55.3  +42:00:39.5       165       130        -100         -73          0  -100   -73       38  vv      250423-1107
 281      1005       2042       35       34   120  0:46:26.8  +42:01:00.8       224       174        -120         -70          0  -112   -77       98  pv      250423-1110
 282      1279       2043       12       12     0  0:44:23.9  +42:01:16.4        60        60        -200        -100          0  -200  -100       38  nn      250423-1110
 283      1072       2059       14       14     0  0:45:56.9  +42:02:29.2        70        70        -100         -20          0  -100   -20       38  nn      250423-1111
 284       871       2059       14       12    90  0:47:27.1  +42:02:07.7        94        83        -140        -112          0  -130  -116       98  pv      250423-1114
 285      1213       2059       21       20     0  0:44:53.6  +42:03:04.6       105       100        -105         -82          0  -100   -87      128  nn      250423-1117
 286      1249       2060       18       16    80  0:44:47.4  +42:02:40.7       127       103        -157        -135          0  -157  -138      128  vv      250502-1828
 287      1191       2062       13       12     0  0:45:00.5  +42:03:38.9        98        98        -105         -82          0  -102   -87       38  nn      250502-1828
 288       937       2065       37       28     0  0:47:07.5  +42:04:22.0       103       103        -105         -92          0  -102   -94       98  pv      250502-1829
 289      1290       2067       14       12     0  0:44:19.0  +42:03:16.7        96        96        -200        -145          0  -182  -152      128  pv      250423-1615
 290      1153       2068       12       12     0  0:45:23.5  +42:02:47.6       103       103        -120         -82          0  -120   -82       38  vv      250423-1617
 291       845       2076       15       14    90  0:47:38.9  +42:03:40.9        75        70        -190         -50          0  -190   -50       38  nn      250423-1617
 292      1327       2078       16       13     0  0:44:02.4  +42:04:12.5        80        65        -210        -170          0  -210  -170       38  nn      250423-1618
 293      1037       2083       27       24    60  0:46:12.7  +42:04:27.5       245       245        -100         -30          0  -100   -30       38  nn      250423-1619
 294       815       2084       16       13    90  0:47:53.7  +42:04:02.8        84        69        -170        -140          0  -161  -145       68  pv      250423-1621
 295      1150       2097       10       10     0  0:45:22.0  +42:05:42.5        50        50        -120         -30          0  -120   -30       38  nn      250423-1621
 296      1173       2105       15       12     0  0:45:14.0  +42:07:00          82        82        -120         -75          0  -120   -75       38  pp      250423-1623
 297      1277       2107       26       22    80  0:44:24.9  +42:06:36.4       174       134        -200        -162          0  -197  -170       38  pv      250423-1625
 298       973       2108       27       20   100  0:46:41.5  +42:06:29.1       149       128        -100         -48          0   -93   -54       38  pv      250423-1628
 299       916       2109       11       10     0  0:47:07.2  +42:06:30.7        98        98         -95         -77          0   -95   -77       38  vv      250423-1701
 300       790       2132       25       20    90  0:48:05.9  +42:08:06.9       136       130        -145        -123          0  -141  -129      188  pv      250423-1703
 301       762       2134       19       14    90  0:48:16.5  +42:08:24.7        95        70        -150        -125          0  -150  -125       38  nn      250423-1704
 302      1131       2143       21       18    30  0:45:30.7  +42:09:31.7       108       108        -105         -70          0  -100   -73       68  pv      250423-1706
 303      1176       2145       15       12     0  0:45:10.5  +42:09:43.4        86        72        -170        -125          0  -160  -135       98  pv      250423-1708
 304       973       2145       29       22    80  0:46:41.7  +42:09:34.1       145       110        -100         -30          0  -100   -30       38  nn      250423-1709
 305      1251       2150       22       20    90  0:44:36.7  +42:10:10.8       110       100        -200        -100          0  -200  -100       38  pp      250423-1709
 306       824       2152       13       12    90  0:47:48.8  +42:09:59.4        65        60        -150         -50          0  -150   -50       38  nn      250423-1710
 307      1063       2160       10        9     0  0:46:01.3  +42:10:53.8       103       103         -85         -50          0   -77   -62      128  pv      250423-1712
 308       843       2162       64       48   130  0:47:40.3  +42:10:50.8       320       240        -200         -40          0  -200   -40       38  nn      250423-1724
 309      1026       2164       13       13     0  0:46:18.0  +42:11:12.0       123       123         -80         -40          0   -71   -46       68  pv      250423-1726
 310       859       2170       12       10    90  0:47:33.2  +42:11:31.9        60        50        -150         -20          0  -150   -20       38  nn      250423-1727
 311      1202       2171       15       11     0  0:44:58.8  +42:11:54.3       165       165        -200        -100          0  -200  -100       38  pp      250423-1728
 312       929       2173        9        8    90  0:47:01.7  +42:11:51.5        45        40         -80         -20          0   -80   -20       38  nn      250423-1728
 313       774       2178       14       13     0  0:48:11.5  +42:12:05.6        70        65        -150        -100          0  -150  -100       38  vv      250423-1729
 314      1055       2181       17       15     0  0:46:05.0  +42:12:38.4        85        75        -100         -30          0  -100   -30       38  nn      250423-1730
 315      1093       2182       30       25   150  0:45:47.9  +42:12:45.2       195       145        -110         -60          0  -101   -72      128  vv      250502-1831
 316      1123       2183       14       11     0  0:45:34.4  +42:12:51.4        70        55        -200         -30          0  -200   -30       38  pp      250423-1733
 317      1067       2186       16       10     0  0:45:59.6  +42:13:04.0        80        50        -120         -20          0  -120   -20       38  nn      250423-1733
 318      1206       2196       19       18    80  0:44:57.1  +42:14:29.5       132       106        -165        -140          0  -159  -145       38  pv      250423-1737
 319      1168       2197       15       12     0  0:45:14.2  +42:14:03.2        75        60        -200        -100          0  -200  -100       38  nn      250423-1737
 320       965       2201       17       12    80  0:46:45.6  +42:14:13.7        85        60         -60         -30          0   -60   -30       38  nn      250423-1738
 321      1178       2213       12       12     0  0:45:09.8  +42:15:23.5        98        98        -170        -120          0  -155  -130       38  pv      250423-1741
 322      1039       2216       34       30   130  0:46:16.4  +42:15:32.6       194       140         -82         -60          0   -80   -62      158  pv      250423-1745
 323       779       2216       12       12     0  0:48:09.5  +42:15:16.0        93        93        -140        -120          0  -138  -124      188  pv      250423-1746
 324      1237       2223       18       16     0  0:44:43.2  +42:16:15.4       118       118        -185        -140          0  -178  -150      128  pv      250423-1748
 325      1083       2227       34       28    90  0:45:52.6  +42:16:29.7       270       230        -145         -60          0  -124   -65      128  nn      250502-1832
 326      1103       2231       14       13    80  0:45:43.6  +42:16:50.6       102       102        -190        -100          0  -190  -100       38  nn      250423-1752
 327      1257       2239       14       13    90  0:44:34.3  +42:17:36.0        70        65        -220        -160          0  -220  -160       38  nn      250423-1752
 328      1188       2243       14       12   120  0:45:05.4  +42:17:53.9       138       102        -180        -120          0  -180  -120       38  pp      250423-1754
 329       843       2244       16       15    90  0:47:40.8  +42:17:40.8        80        75        -100         -20          0  -100   -20       38  nn      250423-1755
 330      1143       2245       21       17     0  0:45:25.6  +42:18:02.3       134       134        -170        -135          0  -162  -142      128  pv      250423-1758
 331      1021       2252       18       12    80  0:46:16.2  +42:18:31.8        97        97        -120         -75          0  -114   -83      128  pv      250423-1800
 332       907       2266       15       12     0  0:47:12.1  +42:19:35.1       130       130        -100         -30          0  -100   -30       38  nn      250423-1801
 333       964       2268       11       11     0  0:46:46.4  +42:19:48.6        87        87        -100         -40          0  -100   -40       38  nn      250423-1802
 334      1091       2269       22       17    90  0:45:49.2  +42:20:00.1       137       102        -160        -116          0  -156  -124       98  pv      250423-1805
 335       871       2279       12       11    90  0:47:28.4  +42:20:37.8        60        55         -80         -20          0   -80   -20       38  nn      250423-1805
 336      1014       2281       17       13     0  0:46:24.0  +42:20:59.4       128        87        -127         -75          0  -120   -85      158  pv      250423-1807
 337       774       2285       19       15    90  0:48:12.2  +42:21:00.6        95        75        -150         -20          0  -150   -20       38  nn      250423-1809
 338       736       2295       37       26   100  0:48:29.4  +42:21:47.6       185       130        -120         -50          0  -120   -50       38  nn      250423-1809
 339      1258       2295       14       10    90  0:44:33.9  +42:22:16.0       104       104        -200        -170          0  -200  -170       38  nn      250423-1810
 340      1085       2299       13       11     0  0:45:52.0  +42:22:29.9        82        82        -130        -108          0  -126  -113      128  pv      250423-1813
 341      1047       2303       53       51     0  0:46:09.2  +42:22:48.1       265       255        -200         -50          0  -200   -50       38  nn      250423-1813
 342      1123       2309       18       15    90  0:45:34.9  +42:23:21.5       119        86        -150        -120          0  -144  -125       98  pv      250423-1816
 343      1096       2315       14       13     0  0:45:45.1  +42:23:50.4        98        98        -150        -120          0  -150  -120       38  vv      250423-1818
 344       882       2317       17       15   100  0:47:23.7  +42:23:48.5       147       121         -70         -50          0   -67   -55      158  pv      250502-1834
 345       970       2319       13       13     0  0:46:44.0  +42:24:04.0       109       109        -100         -50          0  -100   -50       38  nn      250423-1820
 346       915       2323       16       13    80  0:47:08.9  +42:24:20.7        80        65        -100         -30          0  -100   -30       38  nn      250423-1820
 347       790       2325       21       15   107  0:48:05.3  +42:24:21.9       105        75        -100         -60          0  -100   -60       38  nn      250423-1821
 348       760       2325       18       13   107  0:48:21.0  +42:24:19.5        90        65        -100         -50          0  -100   -50       38  pp      250423-1822
 349       943       2332       14       14     0  0:46:56.3  +42:25:07.4        93        93        -100         -55          0   -90   -67       98  pv      250423-1823
 350      1031       2339       16       14   110  0:46:16.6  +42:25:47.3       146       122        -120         -75          0  -107   -85       68  pv      250423-1826
 351       991       2340       13       13     0  0:46:34.6  +42:25:50.2        97        97        -120         -75          0  -107   -85      188  pv      250424-1745
 352       842       2341       10        9    80  0:47:41.9  +42:25:45.8        50        45         -80         -30          0   -80   -30       38  nn      250424-1800
 353       972       2351       14       13     0  0:46:43.3  +42:26:44.1       104       104        -100         -75          0   -96   -80       98  pv      250424-1801
 354       733       2363       18       16    90  0:48:31.3  +42:27:27.3        90        80        -100         -60          0  -100   -60       38  pp      250424-1802
 355       969       2366       31       24     0  0:46:44.7  +42:27:00.0       107       107        -100         -75          0   -95   -78       98  pv      250424-1805
 356       896       2371       12       11    90  0:47:17.7  +42:28:19.5        60        55        -100         -40          0  -100   -40       38  nn      250424-1805
 357       867       2393       36       32    90  0:47:31.0  +42:30:07.5       180       160        -100         -30          0  -100   -30       38  nn      250424-1806
 358       946       2398       15       15     0  0:46:55.3  +42:30:37.6        75        75        -130         -60          0  -130   -60       38  nn      250424-1806
 359       884       2406       17       15     0  0:47:23.4  +42:31:13.7        85        75        -100         -30          0  -100   -30       38  nn      250424-1807
 360       756       2408       27       25    90  0:48:21.3  +42:31:14.3       135       125         -80         -30          0   -80   -30       38  nn      250424-1807
 361       995       2439       16       16     0  0:46:33.3  +42:34:05.5        80        80        -200         -40          0  -200   -40       38  nn      250424-1808
 362       902       2449       46       33     0  0:47:30.5  +42:30:00.0       240       240        -145         -70          0  -145   -70       38  nn      250424-1809
 363       865       2473       32       28     0  0:47:32.4  +42:36:47.5       133       133        -100         -60          0   -97   -70       68  pv      250424-1811
 364       801       2481       18       16    70  0:48:05.2  +42:37:22.8       118        80         -80         -40          0   -71   -47      158  pv      250424-1813
 365       731       2493       16       14    90  0:48:33.2  +42:38:17.2        80        70        -120         -78          0  -120   -78       38  nn      250424-1814