id  ra_pix dec_pix major minor pa  ra_hms    dec_dms     maj_as min_as vmin_kms vmax_kms collide v1   v2   v_ang good date        center_vel expansion_vel radius_pc r_kpc   R_kpc   alpha_deg N_HI_cm2    h_pc    n_HI_cm3 dot_e_bubble SN_num   M_sweep_g  p_rad_cgs  p_perSN_cgs turb_v_min_kms turb_v_max_kms SN_weaver SN_chevalier SN_hybrid SN_weaver_original n_HI_center_cm-3 n_HI_ellipse_cm-3 n_HI_ring_cm-3
1   2018   568     25    25    0   0:38:56.0 +39:58:02.7 120    120    -490     -440     0       -478 -455 68    pv   250407-1507 -466.5     11.5          432       23.8362 23.9777 75.808    7.39132e+20 565.643 0.048991 3.6663e-29   2.53222  1.0444e+39 1.2011e+45 4.7431e+44  8.66426        15.5964        5.06444   9.22343      5.06444   2.53222            0.0345007        0.0369575         0.0347573     
2   2125   579     26    22    0   0:38:12.8 +39:59:08.3 110    110    -530     -480     0       -515 -500 68    pv   250407-1510 -507.5     7.5           396       21.0489 21.0675 83.4263   9.68498e+20 519.08  0.069952 1.5824e-29   1.18453  1.1486e+39 8.6148e+44 7.2727e+44  11.4923        13.4877        2.36906   5.759        2.36906   1.18453            0.0492621        0.0554762         0.0530005     
3   2210   590     36    33    0   0:37:35.8 +40:00:00.4 150    115    -550     -500     0       -542 -514 98    pv   250407-1529 -528       14            540       20.5737 20.6148 89.2075   1.08532e+21 511.837 0.079499 1.1863e-28   11.8943  3.3101e+39 4.6341e+45 3.8961e+44  13.4418        16.0898        23.7886   41.9111      23.7886   11.8943            0.0559854        0.0625344         0.0542804     
4   1955   610     23    20    130 0:39:25.7 +40:01:32.9 110    70     -480     -425     0       -465 -440 158   pv   250407-1554 -452.5     12.5          396       24.4533 24.3532 72.8341   7.27136e+20 571.651 0.047689 4.5351e-29   2.24318  7.8308e+38 9.7884e+44 4.3636e+44  8.06607        15.2805        4.48636   7.66633      4.48636   2.24318            0.033584         0.0352354         0.0345439     
5   2260   626     35    34    90  0:37:14.8 +40:01:43.6 165    140    -545     -500     0       -538 -504 98    pv   250407-1621 -521       17            594       21.0694 21.0806 93.8225   1.15966e+21 519.29  0.083726 2.2048e-28   24.5841  4.64e+39   7.888e+45  3.2086e+44  11.4923        13.4877        49.1682   78.4733      49.1682   24.5841            0.0589618        0.0611935         0.0554747     
6   2151   759     31    31    140 0:38:00.5 +40:12:46.7 160    100    -510     -420     0       -495 -435 98    pv   250408-1617 -465       30            576       17.9984 17.9627 94.0647   6.55961e+20 469.403 0.052393 8.3879e-28   43.6835  2.6475e+39 7.9425e+45 1.8182e+44  21.5361        39.993         87.367    93.4006      87.367    43.6835            0.0368961        0.0378601         0.0438967     
7   1843   800     41    24    130 0:40:14.8 +40:17:37.7 195    120    -510     -440     0       -500 -455 128   pv   250408-1643 -477.5     22.5          702       20.0121 19.9227 71.0223   1.5685e+21  500.763 0.117433 7.4348e-28   99.7019  1.0742e+40 2.417e+46  2.4242e+44  17.4906        21.4523        199.404   285.804      199.404   99.7019            0.082699         0.0780277         0.0704513     
8   1949   829     12    11    80  0:39:28.4 +40:19:28.3 140    120    -575     -520     0       -570 -535 68    pv   250408-1713 -552.5     17.5          504       15.7668 15.5146 82.3746   2.70001e+21 430.233 0.235288 8.1578e-28   44.7203  7.965e+39  1.3939e+46 3.1169e+44  20.6524        23.7212        89.4406   155.706      89.4406   44.7203            0.165695         0.171454          0.187926      
9   2027   837     19    18    0   0:38:55.2 +40:20:14.3 75     75     -515     -460     0       -510 -465 68    pv   250408-1721 -487.5     22.5          270       15.1132 15.0569 89.5587   2.03735e+21 422.911 0.180615 1.354e-27    8.72467  9.4003e+38 2.1151e+45 2.4242e+44  18.7447        20.794         17.4493   23.4828      17.4493   8.72467            0.127194         0.127426          0.110087      
10  1999   852     15    14    80  0:39:06.4 +40:21:42.9 100    85     -540     -500     0       -538 -502 68    pv   250409-1132 -520       18            360       14.6586 14.6031 88.1605   2.7241e+21  415.649 0.245716 9.596e-28    18.0063  3.0314e+39 5.4564e+45 3.0303e+44  17.2815        20.835         36.0126   59.5123      36.0126   18.0063            0.173039         0.193008          0.207577      
11  1934   866     13    11    90  0:39:34.8 +40:23:04.0 130    100    -560     -510     0       -542 -518 158   pv   250409-1139 -530       12            468       14.5791 14.534  83.1939   3.34285e+21 414.545 0.302331 3.5077e-28   21.6332  8.1944e+39 9.8333e+45 4.5455e+44  17.2815        20.835         43.2664   96.48        43.2664   21.6332            0.212909         0.218837          0.229768      
12  2170   871     14    11    80  0:38:02   +40:23:10   90     80     -528     -500     0       -523 -507 128   pv   250430-1753 -515       8             324       18.3662 19.522  102.24    1.68639e+21 494.353 0.127896 3.6868e-29   1.34962  1.1502e+39 9.2019e+44 6.8182e+44  18.7657        26.2799        2.69924   6.62494      2.69924   1.34962            0.0900676        0.0899225         0.0858173     
13  2135   876     22    18    140 0:38:08.8 +40:23:42.8 105    80     -528     -500     0       -520 -505 158   pv   250409-1155 -512.5     7.5           378       17.7661 18.0311 100.25    1.34391e+21 470.497 0.10709  2.6727e-29   1.5772   1.5294e+39 1.1471e+45 7.2727e+44  21.5361        39.993         3.1544    8.02518      3.1544    1.5772             0.0754157        0.0761769         0.0646564     
14  2171   884     36    35    90  0:37:56.0 +40:23:00.3 100    100    -530     -500     0       -523 -505 128   pv   250410-1156 -514       9             360       18.9529 19.8065 103.175   1.72845e+21 498.905 0.12989  5.2827e-29   2.37962  1.6024e+39 1.4422e+45 6.0606e+44  18.9407        23.3816        4.75924   11.0429      4.75924   2.37962            0.0914721        0.082796          0.0622593     
15  1896   892     14    11    130 0:39:51.3 +40:25:15.7 95     65     -548     -510     0       -537 -514 158   pv   250410-1320 -525.5     11.5          342       14.3385 14.2829 81.1026   3.36245e+21 410.527 0.30708  3.1664e-28   7.87523  3.2481e+39 3.7353e+45 4.7431e+44  17.1387        20.0545        15.7505   34.7645      15.7505   7.87523            0.216253         0.21941           0.215955      
16  2120   916     26    22    130 0:38:15.1 +40:26:43.8 160    120    -520     -482     0       -515 -492 158   pv   250410-1352 -503.5     11.5          576       17.6541 17.9626 101.997   1.53874e+21 469.402 0.122901 1.1083e-28   15.0577  6.2104e+39 7.142e+45  4.7431e+44  21.5361        39.993         30.1154   63.3976      30.1154   15.0577            0.0865502        0.0879787         0.0829151     
17  1890   932     11    10    150 0:39:53.8 +40:28:36.0 120    90     -560     -530     0       -555 -533 158   pv   250410-1552 -544       11            432       13.0786 13.033  83.0991   2.75767e+21 390.528 0.264744 2.5114e-28   12.5199  5.6438e+39 6.2082e+45 4.9587e+44  17.6801        19.9116        25.0398   57.3456      25.0398   12.5199            0.186439         0.188662          0.19563       
18  1807   938     34    31    0   0:40:38.2 +40:30:09.0 180    180    -555     -505     0       -550 -515 158   pv   250410-1559 -532.5     17.5          648       15.1279 14.9178 74.272    2.73793e+21 420.684 0.244008 8.6522e-28   98.5696  1.7556e+40 3.0723e+46 3.1169e+44  18.7447        20.794         197.139   355.251      197.139   98.5696            0.171836         0.176935          0.158766      
19  1800   961     42    39    0   0:40:33.2 +40:31:04.2 240    210    -575     -500     0       -565 -515 158   pv   250414-1459 -540       25            864       14.2184 14.1388 74.8457   3.13415e+21 408.221 0.287847 3.0666e-27   562.499  4.9091e+40 1.2273e+47 2.1818e+44  17.3963        19.8363        1125      1728.13      1125      562.499            0.202709         0.198948          0.188975      
20  1699   975     21    19    0   0:41:32.5 +40:32:20.9 135    120    -490     -425     0       -462 -442 158   pv   250414-1514 -452       10            486       19.7458 17.8979 62.8848   1.96776e+21 468.366 0.157515 9.3606e-29   8.76537  4.7811e+39 4.7811e+45 5.4545e+44  18.9575        38.7398        17.5307   40.5118      17.5307   8.76537            0.110926         0.114766          0.119552      
24  1923   984     39    27    120 0:39:40.5 +40:33:16.6 195    145    -545     -500     0       -545 -515 158   pv   250414-1528 -530       15            702       11.7221 11.8112 90.4346   2.42544e+21 370.979 0.24512  6.2068e-28   92.4934  2.2423e+40 3.3634e+46 3.6364e+44  20.4678        23.885         184.987   369.385      184.987   92.4934            0.17262          0.184192          0.186058      
25  1793   985     26    23    0   0:40:50.2 +40:32:00.4 205    205    -525     -465     0       -520 -470 98    pv   250414-1537 -495       25            738       15.2278 13.322  75.5342   3.47709e+21 395.152 0.329904 3.6308e-27   401.768  3.5063e+40 8.7658e+46 2.1818e+44  17.2801        19.4747        803.536   1231.18      803.536   401.768            0.232327         0.237267          0.26526       
26  1799   1002    17    12    90  0:40:31.5 +40:34:29.3 120    100    -580     -545     0       -577 -548 38    pv   250414-1553 -562.5     14.5          432       12.3367 12.4105 77.4682   3.55857e+21 380.568 0.350574 7.8166e-28   28.8075  7.4736e+39 1.0837e+46 3.7618e+44  19.111         21.0841        57.615    115.626      57.615    28.8075            0.246883         0.264975          0.295463      
27  1650   1008    25    24    90  0:41:34.9 +40:35:22.8 135    120    -500     -440     0       -500 -445 158   pv   250414-1559 -472.5     27.5          486       18.1816 18.7749 57.6779   1.79067e+21 482.399 0.13917  1.6699e-27   58.5677  4.2243e+39 1.1617e+46 1.9835e+44  23.0416        36.9513        117.135   145.351      117.135   58.5677            0.0980071        0.101215          0.104997      
28  2112   1057    29    23    0   0:38:15.9 +40:38:49.3 145    145    -450     -400     0       -440 -400 188   pv   250414-1621 -420       20            522       20.9959 21.0879 112.547   5.43954e+20 519.407 0.039264 1.6832e-28   10.8293  1.4767e+39 2.9535e+45 2.7273e+44  11.4923        13.4877        21.6586   28.1919      21.6586   10.8293            0.0276505        0.0288104         0.0340286     
29  1996   1065    41    33    100 0:39:10.8 +40:38:40.0 205    165    -483     -415     0       -480 -425 68    pv   250417-1617 -452.5     27.5          738       14.0655 14.797  104.617   2.62312e+21 418.752 0.234855 3.2464e-27   346.076  2.4961e+40 6.8643e+46 1.9835e+44  17.6266        20.7029        692.152   961.553      692.152   346.076            0.165391         0.154724          0.135768      
30  1609   1072    19    19    0   0:41:55.8 +40:40:13.3 67     67     -435     -390     0       -425 -400 158   pv   250430-1806 -412.5     12.5          241.2     17.7826 17.6801 53.9057   2.15185e+21 464.881 0.173543 2.0294e-28   1.84458  6.4393e+38 8.0491e+44 4.3636e+44  18.6249        42.9625        3.68916   6.9359       3.68916   1.84458            0.122213         0.120899          0.110247      
31  1691   1073    31    29    90  0:41:20.8 +40:40:27.1 180    180    -500     -410     0       -485 -434 128   pv   250417-1641 -459.5     25.5          648       13.4063 13.3092 66.9262   3.56766e+21 394.947 0.338674 3.9576e-27   290.486  2.4367e+40 6.2136e+46 2.139e+44   17.2801        19.4747        580.972   868.764      580.972   290.486            0.238503         0.22371           0.198388      
32  1950   1105    18    14    110 0:39:25.0 +40:42:58.3 150    100    -505     -450     0       -495 -460 128   pv   250417-1655 -477.5     17.5          540       13.4539 13.3232 104.404   2.27612e+21 395.17  0.215947 8.1516e-28   50.4826  8.9913e+39 1.5735e+46 3.1169e+44  17.2801        19.4747        100.965   175.415      100.965   50.4826            0.152075         0.159285          0.16824       
34  1741   1112    15    14    0   0:40:58.7 +40:43:40.9 75     70     -570     -480     0       -544 -510 128   pv   250418-1244 -527       17            270       9.63457 9.56578 78.0611   2.37092e+21 335.052 0.265303 1.0828e-27   7.31592  1.3808e+39 2.3474e+45 3.2086e+44  25.6952        34.8689        14.6318   24.3978      14.6318   7.31592            0.186833         0.192077          0.189332      
35  1810   1124    42    24    100 0:40:30.3 +40:44:59.9 190    150    -598     -550     0       -595 -558 188   pv   250502-1756 -576.5     18.5          684       8.46873 8.56392 89.9134   1.91199e+21 319.023 0.224698 1.2412e-27   119.303  1.9014e+40 3.5175e+46 2.9484e+44  21.5467        26.2571        238.606   414.46       238.606   119.303            0.158238         0.187053          0.222077      
36  1588   1134    26    23    0   0:42:06.0 +40:45:33.6 180    150    -445     -390     0       -445 -410 68    pv   250418-1257 -427.5     17.5          648       15.6945 15.5835 52.4401   2.00754e+21 431.336 0.174496 6.0346e-28   70.4896  1.2555e+40 2.1971e+46 3.1169e+44  18.0414        26.5795        140.979   244.03       140.979   70.4896            0.122884         0.126818          0.121847      
37  1621   1139    18    15    0   0:41:51.5 +40:45:58.2 90     75     -460     -390     0       -440 -415 98    pv   250418-1301 -427.5     12.5          324       13.5766 13.4699 58.7294   2.54733e+21 397.519 0.24025  3.2855e-28   6.18952  2.1607e+39 2.7009e+45 4.3636e+44  16.6943        17.7364        12.379    25.0723      12.379    6.18952            0.16919          0.170936          0.157751      
38  1532   1162    22    18    90  0:42:30.6 +40:47:53.9 150    130    -410     -360     0       -400 -375 38    pv   250418-1309 -387.5     12.5          540       17.5297 17.4149 42.9291   1.82515e+21 460.639 0.148551 1.7531e-28   17.718   6.1852e+39 7.7315e+45 4.3636e+44  18.1464        43.3256        35.436    72.0309      35.436    17.718             0.104613         0.10926           0.109905      
39  1582   1164    21    20    125 0:42:08.6 +40:48:03.6 105    100    -460     -390     0       -450 -410 188   pv   250418-1311 -430       20            378       14.4418 14.3307 52.3566   2.27277e+21 411.292 0.207177 1.1216e-27   21.6978  2.9588e+39 5.9176e+45 2.7273e+44  17.1387        20.0545        43.3956   66.343       43.3956   21.6978            0.145899         0.153486          0.166579      
40  1485   1172    18    11    110 0:42:45.3 +40:48:04.0 130    90     -410     -385     0       -408 -387 188   pv   250418-1334 -397.5     10.5          468       19.4639 19.797  34.8529   1.33007e+21 498.751 0.099983 6.4592e-29   5.4775   2.71e+39   2.8455e+45 5.1948e+44  18.9407        23.3816        10.955    23.1753      10.955    5.4775             0.0704108        0.0734942         0.0752731     
41  1892   1206    39    38    90  0:39:42.5 +40:52:05.9 120    120    -460     -415     0       -456 -424 98    pv   250418-1420 -440       16            432       14.1713 12.7632 110.451   2.83063e+21 386.211 0.274787 8.1114e-28   27.4932  5.8579e+39 9.3727e+45 3.4091e+44  18.432         20.2764        54.9864   101.025      54.9864   27.4932            0.193512         0.172502          0.154196      
42  1557   1207    14    11    0   0:42:22.0 +40:51:52.8 120    120    -405     -350     0       -400 -363 38    pv   250418-1424 -381.5     18.5          432       13.7446 13.4949 48.5738   2.92294e+21 397.919 0.275399 1.2197e-27   36.8379  5.871e+39  1.0861e+46 2.9484e+44  16.6943        17.7364        73.6758   124.103      73.6758   36.8379            0.193943         0.19574           0.187845      
43  1817   1209    30    29    0   0:40:25.0 +40:51:43.7 170    170    -518     -465     0       -510 -480 158   pv   250418-1427 -495       15            612       8.79831 8.85974 101.719   2.73216e+21 323.756 0.316392 9.1801e-28   79.1045  1.9177e+40 2.8765e+46 3.6364e+44  17.71          24.6955        158.209   320.421      158.209   79.1045            0.222812         0.217447          0.198881      
44  1607   1212    26    21    90  0:41:53.6 +40:51:13.4 180    140    -480     -380     0       -465 -410 158   pv   250502-1759 -437.5     27.5          648       10.5521 10.4014 60.2419   1.93337e+21 348.423 0.208039 3.4562e-27   207.527  1.4968e+40 4.1162e+46 1.9835e+44  25.7968        31.0484        415.054   559.471      415.054   207.527            0.146507         0.165455          0.172521      
45  1783   1214    18    18    0   0:40:39.0 +40:51:39.8 90     90     -573     -531     0       -571 -542 68    pv   250418-1439 -556.5     14.5          324       7.52534 7.52613 97.3192   2.7971e+21  302.418 0.346767 9.7297e-28   12.0212  3.1187e+39 4.5221e+45 3.7618e+44  18.8145        21.6013        24.0424   46.5515      24.0424   12.0212            0.244202         0.241542          0.207428      
46  1974   1223    24    16    90  0:39:16.8 +40:52:47.2 150    120    -403     -360     0       -395 -370 38    pv   250502-1801 -382.5     12.5          540       18.1697 18.3993 119.784   1.07661e+21 476.389 0.08473  9.6687e-29   10.1059  3.5279e+39 4.4098e+45 4.3636e+44  24.5503        38.7835        20.2118   38.4079      20.2118   10.1059            0.0596688        0.0611691         0.0653249     
47  1940   1231    21    19    90  0:39:30.7 +40:53:28.8 115    98     -460     -420     0       -455 -425 158   pv   250502-1801 -440       15            414       16.4404 16.5406 118.155   1.69515e+21 446.65  0.142291 2.9926e-28   11.0129  2.6698e+39 4.0047e+45 3.6364e+44  15.2265        18.4917        22.0258   38.6726      22.0258   11.0129            0.100205         0.107214          0.0999786     
48  1518   1232    14    12    45  0:42:36.8 +40:53:44.0 90     90     -410     -355     0       -405 -365 188   pv   250420-1554 -385       20            324       14.6311 14.5156 40.3838   2.09871e+21 414.25  0.189945 1.021e-27    12.5274  1.7083e+39 3.4166e+45 2.7273e+44  17.2815        20.835         25.0548   37.2119      25.0548   12.5274            0.133764         0.146921          0.162672      
49  1632   1245    19    18    90  0:41:50.0 +40:55:05.1 120    120    -505     -450     0       -497 -454 158   pv   250420-1559 -475.5     21.5          432       7.80717 7.49935 69.5374   1.72256e+21 301.99  0.213855 1.9589e-27   38.6354  4.559e+39  9.8018e+45 2.537e+44   18.8145        21.6013        77.2708   115.381      77.2708   38.6354            0.150602         0.148149          0.118642      
50  1812   1250    15    13    0   0:40:27.1 +40:55:08.9 90     90     -510     -470     0       -502 -475 158   pv   250420-1602 -488.5     13.5          324       9.39902 9.47919 107.278   2.96949e+21 333.667 0.333661 6.8479e-28   10.0264  3.0008e+39 4.0511e+45 4.0404e+44  21.5478        26.2357        20.0528   40.3409      20.0528   10.0264            0.234973         0.228571          0.218024      
51  1503   1261    29    19    120 0:42:42.7 +40:55:50.0 140    97     -379     -340     0       -376 -353 158   pv   250502-1802 -364.5     11.5          504       14.097  13.8912 36.7779   2.97635e+21 404.26  0.276033 2.8904e-28   22.6562  9.3444e+39 1.0746e+46 4.7431e+44  16.9655        18.3254        45.3124   103.446      45.3124   22.6562            0.194389         0.198695          0.205903      
52  1820   1288    22    21    0   0:40:25.5 +40:58:18.6 110    105    -435     -380     0       -425 -395 128   pv   250420-1619 -410       15            396       10.7035 11.1036 114.677   2.35257e+21 359.657 0.24524  6.4053e-28   16.6111  4.0269e+39 6.0404e+45 3.6364e+44  22.6204        30.0574        33.2222   61.9377      33.2222   16.6111            0.172704         0.183805          0.194963      
53  1464   1333    17    16    90  0:43:02.7 +41:02:28.9 130    130    -400     -320     0       -375 -335 68    pv   250420-1636 -355       20            468       12.7516 12.5221 24.0503   3.54971e+21 382.353 0.348069 2.027e-27    69.1833  9.4341e+39 1.8868e+46 2.7273e+44  19.111         21.0841        138.367   230.967      138.367   69.1833            0.245119         0.247859          0.242885      
54  1826   1340    17    14    110 0:40:20.7 +41:02:38.4 93     84     -403     -375     0       -400 -380 38    pv   250502-1806 -390       10            334.8     13.3544 13.4607 124.56    2.62369e+21 397.372 0.247544 1.7339e-28   4.50346  2.4564e+39 2.4564e+45 5.4545e+44  16.6943        17.7364        9.00692   21.0134      9.00692   4.50346            0.174327         0.171708          0.160695      
55  1433   1363    25    17    90  0:43:10.4 +41:04:38.8 94     87     -365     -320     0       -355 -325 98    pv   250502-1808 -340       15            338.4     12.4846 12.9587 13.5739   3.72641e+21 389.339 0.358839 8.6579e-28   15.1674  3.6769e+39 5.5154e+45 3.6364e+44  18.432         20.2764        30.3348   58.0917      30.3348   15.1674            0.252704         0.2641            0.21576       
56  1684   1382    25    25    0   0:41:23.3 +41:06:12.2 150    150    -475     -420     0       -465 -427 38    pv   250420-1707 -446       19            540       5.90392 5.99814 114.015   1.85135e+21 277.97  0.249704 1.715e-27    68.8102  1.0397e+40 1.9754e+46 2.8708e+44  19.7061        25.6087        137.62    231.588      137.62    68.8102            0.175848         0.196317          0.200296      
57  1410   1416    38    23    120 0:43:24.6 +41:09:03.6 230    140    -360     -320     0       -355 -327 38    pv   250420-1717 -341       14            828       11.8359 11.7171 -0.222533 3.58162e+21 369.474 0.363439 7.5127e-28   196.028  5.4553e+40 7.6374e+46 3.8961e+44  20.4678        23.885         392.056   872.556      392.056   196.028            0.255943         0.258824          0.213772      
58  1735   1417    18    17    75  0:41:00.7 +41:09:06.1 140    120    -433     -363     0       -425 -373 158   pv   250420-1721 -399       26            504       10.6011 10.712  132.203   2.42965e+21 353.392 0.257765 3.5682e-27   108.144  8.7259e+39 2.2687e+46 2.0979e+44  24.7993        32.9916        216.288   300.188      216.288   108.144            0.181525         0.189811          0.200602      
59  1373   1423    17    17    0   0:43:41.0 +41:09:38.1 120    120    -320     -260     0       -305 -280 98    pv   250420-1723 -292.5     12.5          432       13.9616 13.843  -6.75041  3.80408e+21 403.488 0.353472 4.7623e-28   21.5856  7.5353e+39 9.4192e+45 4.3636e+44  16.9655        18.3254        43.1712   94.8018      43.1712   21.5856            0.248924         0.241344          0.210399      
61  1285   1471    22    15    110 0:44:20.0 +41:13:36.5 180    180    -310     -250     0       -300 -263 158   pv   250420-1733 -281.5     18.5          648       17.4972 17.3798 -21.5957  2.02667e+21 460.077 0.165154 6.3262e-28   74.5584  1.1883e+40 2.1983e+46 2.9484e+44  18.1464        43.3256        149.117   248.008      149.117   74.5584            0.116306         0.114966          0.124715      
62  1226   1475    16    14    0   0:44:47.2 +41:13:55.0 90     90     -320     -230     0       -295 -252 188   pv   250420-1757 -273.5     21.5          324       21.4382 21.1852 -23.3108  1.01367e+21 520.964 0.07295  3.8734e-28   5.56001  6.5608e+38 1.4106e+45 2.537e+44   11.3393        13.3454        11.12     14.0987      11.12     5.56001            0.0513732        0.0538378         0.0559936     
64  1354   1479    24    24    0   0:43:49.5 +41:14:17.9 150    150    -320     -270     0       -313 -278 98    pv   250420-1804 -295.5     17.5          540       12.4198 12.3023 -21.4593  3.15832e+21 378.837 0.312565 1.2307e-27   73.0695  1.3014e+40 2.2775e+46 3.1169e+44  19.6886        22.9497        146.139   265.418      146.139   73.0695            0.220116         0.225427          0.223138      
65  1679   1489    23    20    90  0:41:25.4 +41:15:07.3 150    125    -412     -338     0       -389 -349 68    pv   250420-1812 -369       20            540       10.1445 10.2605 149.293   2.62722e+21 346.168 0.284541 1.8303e-27   86.8811  1.1847e+40 2.3695e+46 2.7273e+44  28.7624        34.1407        173.762   288.024      173.762   86.8811            0.200381         0.221747          0.220918      
66  1151   1563    18    17    0   0:45:19.7 +41:21:12.5 120    120    -265     -240     0       -260 -245 98    pv   250421-1006 -252.5     7.5           432       22.1385 22.0235 -35.9693  9.10797e+20 534.377 0.063902 1.4041e-29   1.40483  1.3623e+39 1.0217e+45 7.2727e+44  11.708         15.146         2.80966   6.82727      2.80966   1.40483            0.0450011        0.0452919         0.0482616     
67  1291   1577    24    17    80  0:44:17.6 +41:22:26.7 140    130    -263     -215     0       -251 -227 68    pv   250421-1012 -239       12            504       12.0298 11.9176 -45.013   3.75335e+21 372.681 0.377588 4.8729e-28   33.7451  1.2782e+40 1.5339e+46 4.5455e+44  21.0309        22.6457        67.4902   155.946      67.4902   33.7451            0.265907         0.280325          0.258557      
68  1762   1585    24    15    130 0:40:48.3 +41:23:05.4 170    130    -324     -295     0       -320 -303 38    pv   250421-1015 -311.5     8.5           612       20.544  20.6622 167.517   1.05545e+21 512.596 0.077197 2.5742e-29   6.1977   4.679e+39  3.9771e+45 6.4171e+44  13.4418        16.0898        12.3954   29.8016      12.3954   6.1977             0.0543641        0.051412          0.0477576     
69  1671   1591    21    16    150 0:41:28.8 +41:23:37.5 130    110    -343     -290     0       -334 -310 158   pv   250421-1020 -322       12            468       14.7118 14.8304 175.566   2.10165e+21 419.287 0.187926 2.1557e-28   13.447   5.0936e+39 6.1123e+45 4.5455e+44  17.6266        20.7029        26.894    56.6451      26.894    13.447             0.132342         0.133441          0.129918      
70  1337   1618    15    15    0   0:44:00.2 +41:26:22.6 100    100    -190     -110     0       -175 -137 158   pv   250421-1103 -156       19            360       7.49722 7.17758 -62.0757  1.58745e+21 296.841 0.2005   1.2895e-27   16.3707  2.4735e+39 4.6997e+45 2.8708e+44  20.4069        21.6875        32.7414   51.1167      32.7414   16.3707            0.141197         0.13341           0.120497      
71  1728   1634    23    22    0   0:41:03.3 +41:27:11.3 150    150    -310     -280     0       -303 -285 68    pv   250421-1437 -294       9             540       20.755  20.8737 176.718   8.40821e+20 515.979 0.061095 2.4025e-29   3.77757  2.5438e+39 2.2894e+45 6.0606e+44  12.3788        15.5259        7.55514   16.8116      7.55514   3.77757            0.0430249        0.0442548         0.0461543     
72  1060   1636    28    27    100 0:46:00.4 +41:27:13.6 140    135    -270     -225     0       -258 -236 38    pv   250421-1439 -247       11            504       24.8982 24.7852 -42.7578  7.56195e+20 578.563 0.049003 3.1377e-29   3.67989  1.6589e+39 1.8247e+45 4.9587e+44  8.10978        14.3363        7.35978   14.0236      7.35978   3.67989            0.0345089        0.0355375         0.0353805     
73  1178   1668    12    12    0   0:45:08.1 +41:29:58.4 160    160    -220     -180     0       -215 -188 38    pv   250421-1459 -201.5     13.5          576       15.6002 15.4924 -53.6818  3.4772e+21  429.879 0.303264 4.831e-28    51.2028  1.5324e+40 2.0688e+46 4.0404e+44  20.6524        23.7212        102.406   218.223      102.406   51.2028            0.213566         0.220354          0.228137      
74  1601   1730    17    15    0   0:42:02.7 +41:35:13.5 97     97     -280     -260     0       -280 -265 68    pv   250502-1820 -272.5     7.5           349.2     16.9257 17.4971 203.358   1.84388e+21 461.953 0.149648 3.8038e-29   1.73762  1.685e+39  1.2637e+45 7.2727e+44  18.6249        42.9625        3.47524   9.1166       3.47524   1.73762            0.105386         0.104654          0.0996213     
75  1536   1736    35    22    110 0:42:26.2 +41:36:43.9 175    145    -280     -230     0       -267 -240 98    pv   250421-1513 -253.5     13.5          630       14.5713 13.6676 216.962   2.13362e+21 400.682 0.199642 3.4121e-28   44.1043  1.32e+40   1.782e+46  4.0404e+44  16.3606        17.4256        88.2086   180.704      88.2086   44.1043            0.140593         0.15637           0.182682      
77  1534   1780    14    10    110 0:42:29.6 +41:39:24.0 140    100    -275     -230     0       -260 -240 38    pv   250421-1539 -250       10            504       15.7886 15.9046 217.952   2.00295e+21 436.474 0.172048 1.0971e-28   10.6777  5.8242e+39 5.8242e+45 5.4545e+44  16.9004        23.2697        21.3554   50.0941      21.3554   10.6777            0.12116          0.125668          0.134815      
78  1237   1799    13    12    90  0:44:42.1 +41:40:55.3 155    155    -130     -60      0       -120 -67  98    pv   250421-1546 -93.5      26.5          558       8.21349 8.16514 -81.4593  9.96655e+20 312.642 0.119518 1.9801e-27   70.6914  5.4908e+39 1.4551e+46 2.0583e+44  22.0236        26.838         141.383   179.079      141.383   70.6914            0.0841677        0.0873131         0.0965513     
79  1497   1814    16    13    0   0:42:46.1 +41:42:24.0 124    124    -260     -218     0       -255 -228 158   pv   250421-1553 -241.5     13.5          446.4     15.4518 15.4585 225.235   2.50281e+21 429.336 0.218559 3.4861e-28   17.177   5.1409e+39 6.9402e+45 4.0404e+44  20.6524        23.7212        34.354    68.2652      34.354    17.177             0.153914         0.156839          0.15954       
80  1344   1821    20    16    0   0:43:54.4 +41:42:47.7 130    120    -155     -100     0       -152 -105 158   pv   250502-1822 -128.5     23.5          468       8.0424  8.11514 256.705   2.40615e+21 311.842 0.289283 3.3509e-27   79.3844  7.8408e+39 1.8426e+46 2.3211e+44  22.0236        26.838         158.769   235.299      158.769   79.3844            0.203721         0.21417           0.218106      
81  1103   1831    15    12    110 0:45:42.1 +41:43:30.5 95     70     -160     -120     0       -148 -128 98    pv   250421-1601 -138       10            342       14.3521 14.2641 -69.7183  3.81532e+21 410.225 0.348694 2.3659e-28   6.76179  3.6882e+39 3.6882e+45 5.4545e+44  17.1387        20.0545        13.5236   32.9591      13.5236   6.76179            0.245559         0.247452          0.248175      
82  1006   1835    16    12    90  0:46:25.4 +41:43:45.9 150    105    -220     -170     0       -207 -188 68    pv   250421-1605 -197.5     9.5           540       20.1282 20.0285 -62.4448  1.16963e+21 502.455 0.087274 4.145e-29    6.01247  3.6338e+39 3.4521e+45 5.7416e+44  17.4906        21.4523        12.0249   27.0364      12.0249   6.01247            0.0614607        0.0632864         0.067045      
83  1586   1858    14    10    0   0:42:06.3 +41:45:53.6 100    100    -275     -252     0       -272 -257 188   pv   250421-1612 -264.5     7.5           360       23.2522 23.3695 210.881   7.30514e+20 555.912 0.049267 1.0406e-29   0.626798 6.078e+38  4.5585e+44 7.2727e+44  12.0323        16.6135        1.2536    2.88861      2.88861   0.626798           0.0346953        0.0362455         0.0364303     
84  1328   1873    16    16    0   0:44:01.6 +41:47:07.4 82     82     -180     -130     0       -173 -145 128   pv   250502-1823 -159       14            295.2     9.76677 9.84661 254.537   3.78574e+21 339.546 0.418012 9.4024e-28   10.2172  2.8434e+39 3.9807e+45 3.8961e+44  27.9212        36.9315        20.4344   40.8648      20.4344   10.2172            0.294375         0.295703          0.280165      
85  1295   1883    11    10    90  0:44:16.4 +41:47:56.8 85     85     -150     -80      0       -137 -92  68    pv   250421-1643 -114.5     22.5          306       9.19858 9.26181 259.186   2.57519e+21 330.189 0.292405 2.8076e-27   20.5614  2.2154e+39 4.9846e+45 2.4242e+44  22.369         24.6172        41.1228   59.5231      41.1228   20.5614            0.205919         0.211014          0.221533      
86  1399   1887    17    15    0   0:43:29.9 +41:48:18.5 100    90     -240     -190     0       -231 -195 68    pv   250421-1647 -213       18            360       13.6561 13.7606 240.961   3.54782e+21 402.169 0.330742 1.3349e-27   24.2371  4.0803e+39 7.3446e+45 3.0303e+44  16.3606        17.4256        48.4742   83.0136      48.4742   24.2371            0.232917         0.238861          0.236067      
87  1570   1888    15    13    90  0:42:13.4 +41:48:23.8 105    90     -270     -230     0       -264 -237 38    pv   250421-1649 -250.5     13.5          378       23.8441 23.961  213.687   6.70981e+20 565.376 0.044495 5.3894e-29   2.1232   6.3545e+38 8.5786e+44 4.0404e+44  9.44336        14.5557        4.2464    6.83323      4.2464    2.1232             0.0313344        0.0296633         0.0307286     
88  1067   1903    20    18    0   0:45:58.4 +41:49:28.9 100    90     -120     -70      0       -108 -72  158   pv   250423-1001 -90        18            360       14.407  14.3306 -74.2788  3.34221e+21 411.29  0.304665 1.2024e-27   22.3261  3.7586e+39 6.7655e+45 3.0303e+44  17.1387        20.0545        44.6522   75.7186      44.6522   22.3261            0.214553         0.217511          0.2028        
89  1092   1906    17    14    90  0:45:47.3 +41:49:45.1 135    115    -130     -50      0       -120 -80  98    pv   250423-1017 -100       20            486       13.0702 13.0026 -76.9285  4.04729e+21 390.041 0.389036 2.2209e-27   86.5959  1.1809e+40 2.3617e+46 2.7273e+44  17.6801        19.9116        173.192   294.314      173.192   86.5959            0.273969         0.288623          0.299243      
90  1229   1928    12    11    90  0:44:46.0 +41:51:40.1 107    102    -124     -76      0       -122 -85  158   pv   250423-1027 -103.5     18.5          385.2     9.65562 9.69074 264.783   3.04533e+21 337.052 0.338747 1.7712e-27   32.123   5.1195e+39 9.4711e+45 2.9484e+44  25.6952        34.8689        64.246    109.425      64.246    32.123             0.238554         0.242742          0.24303       
91  922    1929    25    18    110 0:47:03.4 +41:51:31.0 135    102    -190     -170     0       -185 -173 128   pv   250502-1825 -179       6             486       22.0091 21.9142 -65.8764  1.26829e+21 532.627 0.089276 1.0077e-29   1.78848  2.7098e+39 1.6259e+45 9.0909e+44  11.708         15.146         3.57696   10.491       3.57696   1.78848            0.0628702        0.0637515         0.0594622     
92  878    1933    28    19    120 0:47:13.2 +41:51:48.2 255    185    -200     -140     0       -182 -156 38    pv   250423-1033 -169       13            918       23.2212 24.4875 -63.6441  1.09062e+21 573.8   0.071261 7.5943e-29   45.1652  1.4577e+40 1.895e+46  4.1958e+44  8.05901        14.8848        90.3304   175.009      90.3304   45.1652            0.0501837        0.0517733         0.0474132     
93  1206   1949    22    17    90  0:44:56.4 +41:53:24.4 137    123    -90      -60      0       -90  -60  128   pv   250502-1827 -75        15            493.2     10.0866 10.1151 265.909   3.02723e+21 343.842 0.330083 9.0179e-28   43.193   1.0471e+40 1.5707e+46 3.6364e+44  28.1727        37.7508        86.386    171.354      86.386    43.193             0.232453         0.24954           0.261429      
94  995    1950    19    12    105 0:46:30.9 +41:53:20.3 135    95     -145     -110     0       -142 -120 158   pv   250423-1048 -131       11            486       17.1104 17.0298 -72.7679  1.75644e+21 454.476 0.144897 1.1811e-28   9.75643  4.3981e+39 4.8379e+45 4.9587e+44  14.5215        23.3085        19.5129   42.1616      19.5129   9.75643            0.10204          0.107559          0.110298      
95  1010   1959    11    9     105 0:46:28.2 +41:54:06.1 123    104    -110     -75      0       -105 -82  98    pv   250423-1053 -93.5      11.5          442.8     16.5601 16.0112 -74.7538  2.12626e+21 438.18  0.181929 1.7576e-28   10.1265  4.1766e+39 4.8031e+45 4.7431e+44  15.8631        19.584         20.253    43.3023      20.253    10.1265            0.128119         0.131804          0.142124      
96  1376   2003    21    19    130 0:43:40.3 +41:57:58.2 144    134    -225     -180     0       -220 -187 188   pv   250423-1058 -203.5     16.5          518.4     18.4854 18.5916 239.17    1.33109e+21 479.466 0.104085 2.7142e-28   19.1376  3.8342e+39 6.3265e+45 3.3058e+44  23.0416        36.9513        38.2752   62.8034      38.2752   19.1376            0.073299         0.0823919         0.0976685     
97  1005   2042    35    34    120 0:46:26.8 +42:01:00.8 224    174    -120     -70      0       -112 -77  98    pv   250423-1110 -94.5      17.5          806.4     14.9274 14.8786 -81.2944  2.51491e+21 420.057 0.224466 7.9712e-28   174.75   3.1124e+40 5.4467e+46 3.1169e+44  17.6266        20.7029        349.5     640.111      349.5     174.75             0.158075         0.160376          0.141505      
98  871    2059    14    12    90  0:47:27.1 +42:02:07.7 94     83     -140     -112     0       -130 -116 98    pv   250423-1114 -123       7             338.4     21.1141 20.9823 -72.9645  1.13834e+21 517.716 0.082436 1.5201e-29   0.758827 8.447e+38  5.9129e+44 7.7922e+44  11.4923        13.4877        1.51765   3.84846      3.84846   0.758827           0.0580535        0.0586635         0.0588674     
99  1290   2067    14    12    0   0:44:19.0 +42:03:16.7 96     96     -200     -145     0       -182 -152 128   pv   250423-1615 -167       15            345.6     17.4392 17.5355 247.276   1.92541e+21 462.568 0.156057 3.1692e-28   7.02628  1.7033e+39 2.555e+45  3.6364e+44  18.6249        42.9625        14.0526   24.4135      14.0526   7.02628            0.109899         0.115462          0.125437      
100 815    2084    16    13    90  0:47:53.7 +42:04:02.8 84     69     -170     -140     0       -161 -145 68    pv   250423-1621 -153       8             302.4     23.7506 23.4125 -71.3997  9.3599e+20  556.599 0.063047 1.6142e-29   0.540915 4.6101e+38 3.6881e+44 6.8182e+44  12.0323        16.6135        1.08183   2.41903      2.41903   0.540915           0.0443994        0.0435142         0.0422868     
101 1277   2107    26    22    80  0:44:24.9 +42:06:36.4 174    134    -200     -162     0       -197 -170 38    pv   250423-1625 -183.5     13.5          626.4     18.8267 18.9236 246.917   1.38626e+21 484.777 0.107211 1.5145e-28   23.281   6.9677e+39 9.4064e+45 4.0404e+44  24.3294        36.0449        46.562    88.4685      46.562    23.281             0.0755007        0.0792731         0.0859417     
102 973    2108    27    20    100 0:46:41.5 +42:06:29.1 149    128    -100     -48      0       -93  -54  38    pv   250423-1628 -73.5      19.5          536.4     15.6255 15.5888 -83.6085  2.70091e+21 431.421 0.234718 1.1228e-27   66.776   9.5788e+39 1.8679e+46 2.7972e+44  18.0414        26.5795        133.552   219.453      133.552   66.776             0.165294         0.173351          0.16418       
103 790    2132    25    20    90  0:48:05.9 +42:08:06.9 136    130    -145     -123     0       -141 -129 188   pv   250423-1703 -135       6             489.6     23.8676 23.5188 -73.1719  9.73675e+20 558.302 0.065386 7.041e-30    1.3392   2.0291e+39 1.2175e+45 9.0909e+44  12.0323        16.6135        2.6784    7.57418      2.6784    1.3392             0.0460462        0.0468659         0.045689      
104 1131   2143    21    18    30  0:45:30.7 +42:09:31.7 108    108    -105     -70      0       -100 -73  68    pv   250423-1706 -86.5      13.5          388.8     15.2262 15.2849 260.275   2.34287e+21 426.559 0.205924 3.3059e-28   10.6928  3.2002e+39 4.3203e+45 4.0404e+44  20.0369        23.2209        21.3856   41.4993      21.3856   10.6928            0.145017         0.148078          0.155171      
105 1176   2145    15    12    0   0:45:10.5 +42:09:43.4 86     72     -170     -125     0       -160 -135 98    pv   250423-1708 -147.5     12.5          309.6     16.5391 16.6153 255.743   2.00551e+21 447.845 0.167893 2.038e-28    3.77394  1.3174e+39 1.6468e+45 4.3636e+44  15.2265        18.4917        7.54788   14.5642      7.54788   3.77394            0.118235         0.118701          0.116012      
106 1063   2160    10    9     0   0:46:01.3 +42:10:53.8 103    103    -85      -50      0       -77  -62  128   pv   250423-1712 -69.5      7.5           370.8     14.8584 14.8895 265.511   3.25558e+21 420.231 0.290454 8.1159e-29   4.03792  3.9156e+39 2.9367e+45 7.2727e+44  17.6266        20.7029        8.07584   23.106       8.07584   4.03792            0.204545         0.203408          0.194997      
107 1026   2164    13    13    0   0:46:18.0 +42:11:12.0 123    123    -80      -40      0       -71  -46  68    pv   250423-1726 -58.5      12.5          442.8     14.9658 14.9787 268.425   2.95971e+21 421.66  0.263163 3.3928e-28   17.3064  6.0415e+39 7.5519e+45 4.3636e+44  18.7447        20.794         34.6128   73.5816      34.6128   17.3064            0.185326         0.188687          0.194882      
108 1206   2196    19    18    80  0:44:57.1 +42:14:29.5 132    106    -165     -140     0       -159 -145 38    pv   250423-1737 -152       7             475.2     20.3082 20.1101 250.336   8.69336e+20 503.762 0.064699 1.2261e-29   1.64916  1.8358e+39 1.2851e+45 7.7922e+44  14.8233        19.6109        3.29832   8.462        3.29832   1.64916            0.0455628        0.0493195         0.0549982     
109 1178   2213    12    12    0   0:45:09.8 +42:15:23.5 98     98     -170     -120     0       -155 -130 38    pv   250423-1741 -142.5     12.5          352.8     19.6779 19.7641 252.233   1.03746e+21 498.226 0.078069 8.5182e-29   2.59671  9.0649e+38 1.1331e+45 4.3636e+44  18.9407        23.3816        5.19342   9.28571      5.19342   2.59671            0.0549783        0.0566441         0.0587543     
110 779    2216    12    12    0   0:48:09.5 +42:15:16.0 93     93     -140     -120     0       -138 -124 188   pv   250423-1746 -131       7             334.8     22.3381 22.2735 -77.6983  1.28998e+21 538.377 0.089833 1.593e-29    0.800802 8.9143e+38 6.24e+44   7.7922e+44  12.9743        16.7054        1.6016    4.09819      4.09819   0.800802           0.0632624        0.0643194         0.0645778     
111 1039   2216    34    30    130 0:46:16.4 +42:15:32.6 194    140    -82      -60      0       -80  -62  158   pv   250423-1745 -71        9             698.4     16.1542 16.2618 264.307   2.46196e+21 442.189 0.208742 9.5784e-29   27.9219  1.8803e+40 1.6922e+46 6.0606e+44  16.0479        19.0393        55.8438   148.52       55.8438   27.9219            0.147001         0.148664          0.146395      
112 1237   2223    18    16    0   0:44:43.2 +42:16:15.4 118    118    -185     -140     0       -178 -150 128   pv   250423-1748 -164       14            424.8     22.7469 22.8448 246.314   6.4533e+20  547.516 0.04419  6.1642e-29   3.21862  8.9572e+38 1.254e+45  3.8961e+44  13.2529        15.3224        6.43724   10.2696      6.43724   3.21862            0.0311195        0.0325726         0.0324546     
113 1143   2245    21    17    0   0:45:25.6 +42:18:02.3 134    134    -170     -135     0       -162 -142 128   pv   250423-1758 -152       10            482.4     19.8192 19.9009 253.969   1.1786e+21  500.414 0.088302 4.9114e-29   4.80544  2.6211e+39 2.6211e+45 5.4545e+44  17.4906        21.4523        9.61088   20.7011      9.61088   4.80544            0.0621848        0.0627113         0.063295      
114 1021   2252    18    12    80  0:46:16.2 +42:18:31.8 97     97     -120     -75      0       -114 -83  128   pv   250423-1800 -98.5      15.5          349.2     17.2215 17.1429 263.822   2.32781e+21 456.286 0.19127  4.3448e-28   9.48576  2.1536e+39 3.3381e+45 3.5191e+44  17.2083        39.1585        18.9715   33.1571      18.9715   9.48576            0.134697         0.133842          0.137033      
115 1091   2269    22    17    90  0:45:49.2 +42:20:00.1 137    102    -160     -116     0       -156 -124 98    pv   250423-1805 -140       16            493.2     19.1468 19.2177 257.317   1.30261e+21 489.483 0.099773 2.3238e-28   14.8546  3.1651e+39 5.0641e+45 3.4091e+44  21.8959        34.1034        29.7092   49.1101      29.7092   14.8546            0.070263         0.0743808         0.0780915     
116 1014   2281    17    13    0   0:46:24.0 +42:20:59.4 128    87     -127     -75      0       -120 -85  158   pv   250423-1807 -102.5     17.5          460.8     17.9443 17.9583 262.888   2.18184e+21 469.333 0.174293 5.5396e-28   25.3181  4.5094e+39 7.8914e+45 3.1169e+44  21.5361        39.993         50.6362   84.1243      50.6362   25.3181            0.122742         0.130914          0.135669      
117 1085   2299    13    11    0   0:45:52.0 +42:22:29.9 82     82     -130     -108     0       -126 -113 128   pv   250423-1813 -119.5     6.5           295.2     20.2218 20.2957 256.458   1.31025e+21 506.732 0.096942 1.4623e-29   0.51077  6.5941e+38 4.2862e+44 8.3916e+44  14.8233        19.6109        1.02154   2.71651      2.71651   0.51077            0.068269         0.0680563         0.0668586     
118 1123   2309    18    15    90  0:45:34.9 +42:23:21.5 119    86     -150     -120     0       -144 -125 98    pv   250423-1816 -134.5     9.5           428.4     21.9911 22.0755 252.964   7.33454e+20 535.208 0.051379 2.2909e-29   1.76734  1.0682e+39 1.0147e+45 5.7416e+44  11.792         15.7704        3.53468   7.25336      3.53468   1.76734            0.0361825        0.0384721         0.0404824     
120 943    2332    14    14    0   0:46:56.3 +42:25:07.4 93     93     -100     -55      0       -90  -67  98    pv   250423-1823 -78.5      11.5          334.8     18.7343 18.7651 265.574   2.38625e+21 482.241 0.185519 1.6285e-28   4.46353  1.8409e+39 2.1171e+45 4.7431e+44  23.0416        36.9513        8.92706   18.5003      8.92706   4.46353            0.130647         0.134601          0.136685      
121 1031   2339    16    14    110 0:46:16.6 +42:25:47.3 146    122    -120     -75      0       -107 -85  68    pv   250423-1826 -96        11            525.6     20.3226 20.3873 258.896   1.35564e+21 508.197 0.100011 7.2905e-29   8.51801  3.8398e+39 4.2238e+45 4.9587e+44  14.5519        18.267         17.036    35.5405      17.036    8.51801            0.0704304        0.0720866         0.0783319     
122 991    2340    13    13    0   0:46:34.6 +42:25:50.2 97     97     -120     -75      0       -107 -85  188   pv   250424-1745 -96        11            349.2     19.5045 19.5561 261.794   1.76525e+21 494.897 0.13373  1.0011e-28   3.34022  1.5057e+39 1.6563e+45 4.9587e+44  18.7657        26.2799        6.68044   13.7402      6.68044   3.34022            0.094176         0.0991319         0.109225      
123 972    2351    14    13    0   0:46:43.3 +42:26:44.1 104    104    -100     -75      0       -96  -80  98    pv   250424-1801 -88        8             374.4     19.5693 19.6165 262.652   1.73972e+21 495.864 0.131539 3.7803e-29   2.14181  1.8254e+39 1.4603e+45 6.8182e+44  18.7657        26.2799        4.28362   10.7337      4.28362   2.14181            0.0926332        0.0957997         0.114548      
124 969    2366    31    24    0   0:46:44.7 +42:27:00.0 107    107    -100     -75      0       -95  -78  98    pv   250424-1805 -86.5      8.5           385.2     19.6231 20.0661 262.188   1.67593e+21 503.058 0.124904 4.244e-29    2.5004   1.8877e+39 1.6045e+45 6.4171e+44  17.4906        21.4523        5.0008    12.0495      5.0008    2.5004             0.0879603        0.0925893         0.0865535     
125 865    2473    32    28    0   0:47:32.4 +42:36:47.5 133    133    -100     -60      0       -97  -70  68    pv   250424-1811 -83.5      13.5          478.8     22.0485 22.0862 264.389   7.86213e+20 535.38  0.055057 7.0424e-29   5.33929  1.598e+39  2.1573e+45 4.0404e+44  11.792         15.7704        10.6786   18.1357      10.6786   5.33929            0.0387728        0.0396661         0.0414921     
126 801    2481    18    16    70  0:48:05.2 +42:37:22.8 118    80     -80      -40      0       -71  -47  158   pv   250424-1813 -59        12            424.8     22.1015 22.0851 267.812   7.66881e+20 535.362 0.053705 4.8248e-29   2.8739   1.0886e+39 1.3063e+45 4.5455e+44  11.792         15.7704        5.7478    10.2963      5.7478    2.8739             0.0378206        0.0405019         0.0438452     
