alpha           r               x1_mom0         x1_mom1         x1_mom2         x2_mom0         x2_mom1         x2_mom2         x3_mom0         x3_mom1         x3_mom2         
    99.86888      2281.22241         0.21906      -315.47342        20.96391        -0.02349      -297.87314    NaN                 -0.02349      -297.87314    NaN             
   114.58313      2298.87817         0.19629      -318.01019        19.68978         0.09288      -520.01947         8.50967         0.09288      -520.01947         8.50967    
    67.08332      2319.64795         0.16461      -304.30197        15.87265    NaN             NaN             NaN             NaN             NaN             NaN             
   128.02044      2325.77832         0.17779      -323.99680        24.66733         0.10696      -542.03735         9.61608         0.10696      -542.03735         9.61608    
    83.13307      2349.38086         0.25112      -307.59412        18.75908         0.17940      -312.63388         9.15039         0.17940      -312.63388         9.15039    
   136.90532      2381.12866         0.21577      -317.32437        30.47215         0.02903      -514.75934         6.25186         0.02903      -514.75934         6.25186    
    55.12678      2426.62378         0.18350      -296.01218        20.90372        -0.00235      -262.34470    NaN                 -0.00235      -262.34470    NaN             
    44.75387      2437.13281         0.22943      -296.80627        24.21182         0.01710      -202.80273    NaN                  0.01710      -202.80273    NaN             
   144.48616      2448.79053         0.10128      -321.00122        14.12776         0.04045      -606.04755         3.92290         0.04045      -606.04755         3.92290    
   149.41214      2537.07861         0.17341      -329.58197        26.43954         0.02928      -525.46722    NaN                  0.02928      -525.46722    NaN             
    38.36614      2576.71802         0.21276      -293.04568        20.24473         0.04668      -536.38965         4.78269         0.04668      -536.38965         4.78269    
   154.11061      2588.16064         0.12414      -339.68024        20.34958         0.09493      -545.99713        12.75237         0.09493      -545.99713        12.75237    
    33.15175      2663.08862         0.23129      -283.25745        17.63637         0.02967      -274.37424         2.41646         0.02967      -274.37424         2.41646    
   156.74069      2754.23682         0.04956      -329.39304        10.74289         0.22267      -456.94580        11.45403         0.22267      -456.94580        11.45403    
   159.81111      2835.44556         0.05862      -458.58490         8.29269         0.15917      -455.78217         7.87890         0.15917      -455.78217         7.87890    
   162.03250      2978.91748         0.10165      -328.90671        22.49850         0.68576      -544.78845        12.08370         0.68576      -544.78845        12.08370    
   163.57311      3124.57788         0.31598      -531.59064        15.46132         0.70892      -537.33905        15.85018         0.70892      -537.33905        15.85018    
   165.39848      3242.32983         0.23107      -517.34302        15.41343         0.46443      -527.53003        19.37966         0.46443      -527.53003        19.37966    
   166.22071      3445.03711         0.09640      -513.12213        12.73675         0.04296      -264.34497         7.68509         0.04296      -264.34497         7.68509    
   167.61179      3579.12280         0.15153      -499.36343        23.98803         0.03788      -278.35995         3.40258         0.03788      -278.35995         3.40258    
   168.41327      3748.72266         0.30496      -503.18909        23.65670         0.36143      -513.94653        11.97533         0.36143      -513.94653        11.97533    
   169.27916      3935.68237         0.39096      -502.00372        18.32030         0.51596      -507.10843        10.54448         0.51596      -507.10843        10.54448    
   169.89466      4112.42773         0.30854      -494.51013        25.37288         0.21295      -403.90488         9.21073         0.21295      -403.90488         9.21073    
   170.57839      4307.10254         0.18679      -503.22491        15.04717         0.16836      -311.97589        12.25222         0.16836      -311.97589        12.25222    
   171.06457      4489.23877         0.21364      -495.84613        22.49522         0.21028      -315.04361        12.37684         0.21028      -315.04361        12.37684    
   171.80891      4655.37598         0.37578      -456.66025        43.31342         0.32975      -312.55582        17.05018         0.32975      -312.55582        17.05018    
   172.01116      4876.11768         0.50379      -463.30008        41.67033         0.29793      -319.12152        13.15323         0.29793      -319.12152        13.15323    
   172.64508      5048.55518         0.60819      -468.83142        38.55267         0.58568      -437.71439        12.53713         0.58568      -437.71439        12.53713    
   172.79240      5270.84863         0.61133      -480.76862        35.16903         0.32611      -324.15482        15.43895         0.32611      -324.15482        15.43895    
   173.34098      5448.42627         0.65918      -497.26389        30.20832         0.40314      -488.70230        22.85510         0.40314      -488.70230        22.85510    
   173.60607      5641.00293         0.83578      -507.59756        28.94775         0.69068      -511.61880        20.95054         0.69068      -511.61880        20.95054    
   173.92901      5853.61865         0.96315      -519.45099        21.31795         0.86033      -526.22137        11.94152         0.86033      -526.22137        11.94152    
   174.15351      6048.14648         1.08984      -525.09619        18.47371         1.16154      -530.59723        11.55369         1.16154      -530.59723        11.55369    
   174.43235      6263.09961         1.14365      -526.45752        18.20801         1.06523      -532.50543        13.75114         1.06523      -532.50543        13.75114    
   174.62466      6459.20312         1.31131      -528.43640        17.53818         1.26523      -534.07153        14.26241         1.26523      -534.07153        14.26241    
   175.00310      6648.47607         1.55306      -531.48828        18.43884         1.53952      -539.76343        13.03671         1.53952      -539.76343        13.03671    
   175.03437      6873.47021         1.65274      -532.66791        19.40813         1.34406      -543.65790        13.09089         1.34406      -543.65790        13.09089    
   175.37614      7065.24170         1.86079      -532.77191        20.54383         1.31352      -543.18250        12.69488         1.31352      -543.18250        12.69488    
   175.39390      7290.40039         2.12744      -536.22949        19.24390         1.72986      -544.08948        13.15305         1.72986      -544.08948        13.15305    
   175.70480      7484.32422         2.37385      -538.68298        18.90267         2.10111      -545.60370        11.09624         2.10111      -545.60370        11.09624    
   175.82944      7683.97217         2.82513      -541.88208        18.43139         3.04963      -548.30176        10.48381         3.04963      -548.30176        10.48381    
   175.99653      7905.35498         3.21139      -543.52716        18.64209         3.88785      -548.46844        12.14103         3.88785      -548.46844        12.14103    
   176.26580      8102.81396         3.75045      -542.08020        26.25101         4.93930      -548.23480        13.24689         4.93930      -548.23480        13.24689    
   176.25722      8328.03809         3.69451      -546.67242        19.36026         5.13153      -547.40350        17.43192         5.13153      -547.40350        17.43192    
   176.50585      8526.97461         3.04254      -548.38568        23.10396         3.22390      -549.44843        22.60000         3.22390      -549.44843        22.60000    
   176.59565      8728.48633         2.69181      -555.28528        21.08083         2.27594      -563.99738        14.39806         2.27594      -563.99738        14.39806    
   176.72222      8952.37793         3.12677      -559.72461        19.81348         3.31064      -567.83374        13.56571         3.31064      -567.83374        13.56571    
   176.80277      9154.33789         3.82511      -563.05664        19.37276         4.78306      -570.79962        10.06041         4.78306      -570.79962        10.06041    
   176.91824      9378.85352         4.06194      -563.18414        26.07462         4.88359      -575.41479        10.21090         4.88359      -575.41479        10.21090    
   176.99084      9581.20020         3.77519      -562.54944        26.98217         4.01778      -576.97321        10.77585         4.01778      -576.97321        10.77585    
   177.19002      9784.16602         3.34419      -559.65283        27.84471         2.96380      -576.28790        10.41519         2.96380      -576.28790        10.41519    
   177.16236     10008.94336         3.06354      -555.99188        28.10098         2.33609      -573.73193        10.22071         2.33609      -573.73193        10.22071    
   177.34931     10212.81445         2.69953      -551.32013        29.00417         1.59264      -570.04272        11.76810         1.59264      -570.04272        11.76810    
   177.40731     10415.94141         2.56076      -548.36346        29.11201         1.43008      -566.66400        12.26620         1.43008      -566.66400        12.26620    
   177.49545     10642.14746         2.53933      -546.62616        26.95395         1.52069      -561.95648        11.63816         1.52069      -561.95648        11.63816    
   177.54831     10845.51660         2.49773      -544.36108        26.14274         1.42310      -559.34717        11.31054         1.42310      -559.34717        11.31054    
   177.63000     11072.08691         2.65442      -540.41339        28.18344         1.49859      -556.90399        10.40716         1.49859      -556.90399        10.40716    
   177.67833     11275.66797         3.13481      -543.68793        22.39928         2.74564      -556.01038         9.31561         2.74564      -556.01038         9.31561    
   177.83436     11482.19238         3.35575      -541.46503        22.97042         3.01972      -553.55103         9.46286         3.01972      -553.55103         9.46286    
   177.79860     11706.33203         3.53591      -539.58435        21.84275         3.18211      -549.75177        10.17144         3.18211      -549.75177        10.17144    
   177.94670     11913.45410         3.80341      -538.74011        22.63133         3.68811      -549.34137         9.66883         3.68811      -549.34137         9.66883    
   177.91018     12137.45410         4.11293      -537.64349        22.57900         4.25205      -547.17725        10.52179         4.25205      -547.17725        10.52179    
   178.05107     12345.12402         4.18042      -536.25720        21.85003         4.28374      -544.46521        10.40415         4.28374      -544.46521        10.40415    
   178.08747     12549.30664         4.34203      -534.55243        19.57453         4.63156      -539.04797        10.97735         4.63156      -539.04797        10.97735    
   178.14828     12777.16113         4.31955      -533.47333        20.56139         4.32423      -538.33038         9.49723         4.32423      -538.33038         9.49723    
   178.18190     12981.46875         4.13560      -533.86267        21.69191         3.61136      -540.97882         9.67266         3.61136      -540.97882         9.67266    
   178.23904     13209.52930         3.82069      -535.15503        20.48772         2.68501      -543.99988         8.72588         2.68501      -543.99988         8.72588    
   178.27017     13413.94824         3.83563      -536.23724        19.50898         2.54123      -544.97174         8.35874         2.54123      -544.97174         8.35874    
   178.39191     13623.35254         4.45728      -537.74481        18.41067         4.05918      -543.42670         9.64944         4.05918      -543.42670         9.64944    
   178.44284     13851.85449         4.81027      -539.13403        17.72567         4.85496      -543.71698        11.68405         4.85496      -543.71698        11.68405    
   178.46953     14056.50684         5.02595      -539.58655        18.81267         5.49602      -543.40918        13.78854         5.49602      -543.40918        13.78854    
   178.51765     14285.16406         4.74741      -540.79175        18.44160         5.23534      -543.81171        13.59743         5.23534      -543.81171        13.59743    
   178.54247     14489.89746         3.96079      -540.77972        20.06558         3.77192      -543.12891        16.34170         3.77192      -543.12891        16.34170    
   178.65116     14700.56934         3.67062      -541.98840        19.52757         3.86639      -542.18280        20.91932         3.86639      -542.18280        20.91932    
   178.61113     14923.50195         3.48993      -542.64893        20.44487         4.18718      -543.07745        22.35710         4.18718      -543.07745        22.35710    
   178.71570     15134.48535         2.70696      -540.49908        21.96372         2.88113      -539.31281        24.33512         2.88113      -539.31281        24.33512    
   178.67588     15357.30273         1.91581      -537.90527        23.66632         0.54320      -498.96686        12.56326         0.54320      -498.96686        12.56326    
   178.77662     15568.57812         1.41502      -541.95142        22.44655         0.65230      -558.57593         6.48439         0.65230      -558.57593         6.48439    
   178.79602     15773.56152         1.17497      -544.87500        19.73095         0.67209      -559.22021         6.61335         0.67209      -559.22021         6.61335    
   178.83420     16002.83203         1.02109      -542.29675        19.70760         0.53073      -556.00275    NaN                  0.53073      -556.00275    NaN             
   178.85235     16207.86621         1.03972      -541.56049        17.61806         0.63913      -553.11292         2.60601         0.63913      -553.11292         2.60601    
   178.94548     16419.92969         0.95681      -540.65094        17.34943         0.57493      -552.07251         0.32923         0.57493      -552.07251         0.32923    
   178.90572     16642.31641         0.80543      -538.03290        19.39856         0.29909      -552.83417    NaN                  0.29909      -552.83417    NaN             
   178.99576     16854.61328         0.75759      -536.87305        20.88365         0.28743      -552.75305    NaN                  0.28743      -552.75305    NaN             
   178.95637     17076.89844         0.77134      -531.48029        26.89519         0.25598      -552.58112    NaN                  0.25598      -552.58112    NaN             
   179.04349     17289.41602         0.65012      -534.80084        21.62469         0.21918      -555.23083         2.57342         0.21918      -555.23083         2.57342    
   179.05783     17494.61719         0.62044      -532.94952        20.86236         0.14520      -559.03156    NaN                  0.14520      -559.03156    NaN             
   179.08887     17724.33008         0.57861      -521.91498        28.45769         0.12890      -514.42700    NaN                  0.12890      -514.42700    NaN             
   179.10234     17929.56445         0.48003      -513.54675        34.23125         0.05571      -459.59579         5.43359         0.05571      -459.59579         5.43359    
   179.13207     18159.34961         0.39580      -511.10065        32.62133         0.04547      -461.36169         2.88885         0.04547      -461.36169         2.88885    
   179.14473     18364.61328         0.42573      -508.78580        33.09372         0.11109      -468.05264         8.42442         0.11109      -468.05264         8.42442    
   179.22358     18577.93945         0.39244      -509.16153        32.56492         0.09730      -468.84479         7.69674         0.09730      -468.84479         7.69674    
   179.18515     18799.75391         0.38672      -508.86826        34.54135         0.08490      -467.55963         6.38168         0.08490      -467.55963         6.38168    
   179.26174     19013.25195         0.45968      -511.31021        31.26310         0.09949      -472.48386         3.93748         0.09949      -472.48386         3.93748    
   179.22374     19234.98438         0.47331      -513.79968        27.74145         0.06347      -479.55441    NaN                  0.06347      -479.55441    NaN             
   179.29817     19448.64258         0.55009      -518.28143        24.93026         0.10502      -554.64111         3.92667         0.10502      -554.64111         3.92667    
   179.37097     19662.61523         0.63016      -518.77606        22.95783         0.12814      -551.98090         6.43738         0.12814      -551.98090         6.43738    
   179.33301     19884.10742         0.86954      -517.16608        23.81057         0.28529      -541.93585        11.18316         0.28529      -541.93585        11.18316    
   179.40385     20098.22266         1.19947      -517.92621        20.88844         0.86172      -527.72803        13.11298         0.86172      -527.72803        13.11298    
   179.36635     20319.64062         1.49356      -519.18030        18.84554         1.38304      -526.61664        12.84816         1.38304      -526.61664        12.84816    
   179.43533     20533.89258         1.33446      -519.35162        16.92608         0.86216      -526.22589        13.59662         0.86216      -526.22589        13.59662    
   179.44353     20739.33594         1.24392      -517.84827        15.77344         0.46747      -522.35968        12.04645         0.46747      -522.35968        12.04645    
   179.46550     20969.62109         1.23488      -516.47699        13.24533         0.47089      -514.40417         5.44539         0.47089      -514.40417         5.44539    
   179.47324     21175.08008         1.10637      -514.96295        12.63556         0.23681      -510.33527         3.71443         0.23681      -510.33527         3.71443    
   179.49444     21405.40430         1.11967      -513.01556        14.33951         0.25257      -511.59799         4.22586         0.25257      -511.59799         4.22586    
   179.50175     21610.87695         1.28559      -511.51114        15.81578         0.55093      -511.80505    NaN                  0.55093      -511.80505    NaN             
   179.56529     21825.68164         1.31349      -512.20166        14.76576         0.64256      -513.37854    NaN                  0.64256      -513.37854    NaN             
   179.52912     22046.72461         1.13535      -511.65973        16.49031         0.19004      -474.58514         2.54788         0.19004      -474.58514         2.54788    
   179.59115     22261.63867         0.99188      -512.49469        17.54823         0.18366      -471.06702         7.03456         0.18366      -471.06702         7.03456    
   179.55544     22482.61914         0.96001      -513.68286        15.83231         0.17609      -475.22281         6.13029         0.17609      -475.22281         6.13029    
   179.61602     22697.63867         0.96515      -514.10797        15.86058         0.28573      -476.02405         8.20851         0.28573      -476.02405         8.20851    
   179.62183     22903.16211         0.99503      -513.74304        14.76811         0.26759      -478.96768         4.80276         0.26759      -478.96768         4.80276    
   179.63996     23133.67773         1.11749      -512.89728        16.55792         0.47436      -476.60498         5.38355         0.47436      -476.60498         5.38355    
   179.64544     23339.21289         1.48235      -514.83673        18.15272         0.67079      -477.98099         8.47762         0.67079      -477.98099         8.47762    
